ID	Route	Call	Port	Round_trip	Time
1	1	1	A1	1	2
2	1	2	A2	1	5
3	1	3	A3	1	8
4	1	4	B1	1	24
5	1	5	B2	1	32
6	1	6	A1	1	51
7	1	1	A1	2	9
8	1	2	A2	2	12
9	1	3	A3	2	15
10	1	4	B1	2	31
11	1	5	B2	2	39
12	1	6	A1	2	58
13	1	1	A1	3	16
14	1	2	A2	3	19
15	1	3	A3	3	22
16	1	4	B1	3	38
17	1	5	B2	3	46
18	1	6	A1	3	65
19	1	1	A1	4	23
20	1	2	A2	4	26
21	1	3	A3	4	29
22	1	4	B1	4	45
23	1	5	B2	4	53
24	1	6	A1	4	72
25	1	1	A1	5	30
26	1	2	A2	5	33
27	1	3	A3	5	36
28	1	4	B1	5	52
29	1	5	B2	5	60
30	1	6	A1	5	79
31	1	1	A1	6	37
32	1	2	A2	6	40
33	1	3	A3	6	43
34	1	4	B1	6	59
35	1	5	B2	6	67
36	1	6	A1	6	86
37	1	1	A1	7	44
38	1	2	A2	7	47
39	1	3	A3	7	50
40	1	4	B1	7	66
41	1	5	B2	7	74
42	1	6	A1	7	93
43	1	2	A2	8	54
44	1	3	A3	8	57
45	1	4	B1	8	73
46	1	5	B2	8	81
47	1	6	A1	8	100
48	1	2	A2	9	61
49	1	3	A3	9	64
50	1	4	B1	9	80
51	1	5	B2	9	88
52	1	6	A1	9	107
53	1	2	A2	10	68
54	1	3	A3	10	71
55	1	4	B1	10	87
56	1	5	B2	10	95
57	1	6	A1	10	114
58	1	2	A2	11	75
59	1	3	A3	11	78
60	1	4	B1	11	94
61	1	5	B2	11	102
62	1	6	A1	11	121
63	1	2	A2	12	82
64	1	3	A3	12	85
65	1	4	B1	12	101
66	1	5	B2	12	109
67	1	6	A1	12	128
68	1	2	A2	13	89
69	1	3	A3	13	92
70	1	4	B1	13	108
71	1	5	B2	13	116
72	1	6	A1	13	135
73	1	2	A2	14	96
74	1	3	A3	14	99
75	1	4	B1	14	115
76	1	5	B2	14	123
77	1	6	A1	14	142
78	1	2	A2	15	103
79	1	3	A3	15	106
80	1	4	B1	15	122
81	1	5	B2	15	130
82	1	6	A1	15	149
83	1	2	A2	16	110
84	1	3	A3	16	113
85	1	4	B1	16	129
86	1	5	B2	16	137
87	1	6	A1	16	156
88	1	2	A2	17	117
89	1	3	A3	17	120
90	1	4	B1	17	136
91	1	5	B2	17	144
92	1	6	A1	17	163
93	1	2	A2	18	124
94	1	3	A3	18	127
95	1	4	B1	18	143
96	1	5	B2	18	151
97	1	6	A1	18	170
98	1	2	A2	19	131
99	1	3	A3	19	134
100	1	4	B1	19	150
101	1	5	B2	19	158
102	1	6	A1	19	177
103	2	1	A4	1	1
104	2	2	A5	1	3
105	2	3	A6	1	5
106	2	4	A3	1	6
107	2	5	A7	1	9
108	2	6	B3	1	21
109	2	7	B4	1	24
110	2	8	A8	1	47
111	2	9	A4	1	50
112	2	1	A4	2	8
113	2	2	A5	2	10
114	2	3	A6	2	12
115	2	4	A3	2	13
116	2	5	A7	2	16
117	2	6	B3	2	28
118	2	7	B4	2	31
119	2	8	A8	2	54
120	2	9	A4	2	57
121	2	1	A4	3	15
122	2	2	A5	3	17
123	2	3	A6	3	19
124	2	4	A3	3	20
125	2	5	A7	3	23
126	2	6	B3	3	35
127	2	7	B4	3	38
128	2	8	A8	3	61
129	2	9	A4	3	64
130	2	1	A4	4	22
131	2	2	A5	4	24
132	2	3	A6	4	26
133	2	4	A3	4	27
134	2	5	A7	4	30
135	2	6	B3	4	42
136	2	7	B4	4	45
137	2	8	A8	4	68
138	2	9	A4	4	71
139	2	1	A4	5	29
140	2	2	A5	5	31
141	2	3	A6	5	33
142	2	4	A3	5	34
143	2	5	A7	5	37
144	2	6	B3	5	49
145	2	7	B4	5	52
146	2	8	A8	5	75
147	2	9	A4	5	78
148	2	1	A4	6	36
149	2	2	A5	6	38
150	2	3	A6	6	40
151	2	4	A3	6	41
152	2	5	A7	6	44
153	2	6	B3	6	56
154	2	7	B4	6	59
155	2	8	A8	6	82
156	2	9	A4	6	85
157	2	1	A4	7	43
158	2	2	A5	7	45
159	2	3	A6	7	47
160	2	4	A3	7	48
161	2	5	A7	7	51
162	2	6	B3	7	63
163	2	7	B4	7	66
164	2	8	A8	7	89
165	2	9	A4	7	92
166	2	2	A5	8	52
167	2	3	A6	8	54
168	2	4	A3	8	55
169	2	5	A7	8	58
170	2	6	B3	8	70
171	2	7	B4	8	73
172	2	8	A8	8	96
173	2	9	A4	8	99
174	2	2	A5	9	59
175	2	3	A6	9	61
176	2	4	A3	9	62
177	2	5	A7	9	65
178	2	6	B3	9	77
179	2	7	B4	9	80
180	2	8	A8	9	103
181	2	9	A4	9	106
182	2	2	A5	10	66
183	2	3	A6	10	68
184	2	4	A3	10	69
185	2	5	A7	10	72
186	2	6	B3	10	84
187	2	7	B4	10	87
188	2	8	A8	10	110
189	2	9	A4	10	113
190	2	2	A5	11	73
191	2	3	A6	11	75
192	2	4	A3	11	76
193	2	5	A7	11	79
194	2	6	B3	11	91
195	2	7	B4	11	94
196	2	8	A8	11	117
197	2	9	A4	11	120
198	2	2	A5	12	80
199	2	3	A6	12	82
200	2	4	A3	12	83
201	2	5	A7	12	86
202	2	6	B3	12	98
203	2	7	B4	12	101
204	2	8	A8	12	124
205	2	9	A4	12	127
206	2	2	A5	13	87
207	2	3	A6	13	89
208	2	4	A3	13	90
209	2	5	A7	13	93
210	2	6	B3	13	105
211	2	7	B4	13	108
212	2	8	A8	13	131
213	2	9	A4	13	134
214	2	2	A5	14	94
215	2	3	A6	14	96
216	2	4	A3	14	97
217	2	5	A7	14	100
218	2	6	B3	14	112
219	2	7	B4	14	115
220	2	8	A8	14	138
221	2	9	A4	14	141
222	2	2	A5	15	101
223	2	3	A6	15	103
224	2	4	A3	15	104
225	2	5	A7	15	107
226	2	6	B3	15	119
227	2	7	B4	15	122
228	2	8	A8	15	145
229	2	9	A4	15	148
230	2	2	A5	16	108
231	2	3	A6	16	110
232	2	4	A3	16	111
233	2	5	A7	16	114
234	2	6	B3	16	126
235	2	7	B4	16	129
236	2	8	A8	16	152
237	2	9	A4	16	155
238	2	2	A5	17	115
239	2	3	A6	17	117
240	2	4	A3	17	118
241	2	5	A7	17	121
242	2	6	B3	17	133
243	2	7	B4	17	136
244	2	8	A8	17	159
245	2	9	A4	17	162
246	2	2	A5	18	122
247	2	3	A6	18	124
248	2	4	A3	18	125
249	2	5	A7	18	128
250	2	6	B3	18	140
251	2	7	B4	18	143
252	2	8	A8	18	166
253	2	9	A4	18	169
254	2	2	A5	19	129
255	2	3	A6	19	131
256	2	4	A3	19	132
257	2	5	A7	19	135
258	2	6	B3	19	147
259	2	7	B4	19	150
260	2	8	A8	19	173
261	2	9	A4	19	176
262	3	1	A9	1	3
263	3	2	A4	1	4
264	3	3	A10	1	6
265	3	4	B4	1	22
266	3	5	B3	1	26
267	3	6	A10	1	43
268	3	7	A9	1	45
269	3	1	A9	2	10
270	3	2	A4	2	11
271	3	3	A10	2	13
272	3	4	B4	2	29
273	3	5	B3	2	33
274	3	6	A10	2	50
275	3	7	A9	2	52
276	3	1	A9	3	17
277	3	2	A4	3	18
278	3	3	A10	3	20
279	3	4	B4	3	36
280	3	5	B3	3	40
281	3	6	A10	3	57
282	3	7	A9	3	59
283	3	1	A9	4	24
284	3	2	A4	4	25
285	3	3	A10	4	27
286	3	4	B4	4	43
287	3	5	B3	4	47
288	3	6	A10	4	64
289	3	7	A9	4	66
290	3	1	A9	5	31
291	3	2	A4	5	32
292	3	3	A10	5	34
293	3	4	B4	5	50
294	3	5	B3	5	54
295	3	6	A10	5	71
296	3	7	A9	5	73
297	3	1	A9	6	38
298	3	2	A4	6	39
299	3	3	A10	6	41
300	3	4	B4	6	57
301	3	5	B3	6	61
302	3	6	A10	6	78
303	3	7	A9	6	80
304	3	2	A4	7	46
305	3	3	A10	7	48
306	3	4	B4	7	64
307	3	5	B3	7	68
308	3	6	A10	7	85
309	3	7	A9	7	87
310	3	2	A4	8	53
311	3	3	A10	8	55
312	3	4	B4	8	71
313	3	5	B3	8	75
314	3	6	A10	8	92
315	3	7	A9	8	94
316	3	2	A4	9	60
317	3	3	A10	9	62
318	3	4	B4	9	78
319	3	5	B3	9	82
320	3	6	A10	9	99
321	3	7	A9	9	101
322	3	2	A4	10	67
323	3	3	A10	10	69
324	3	4	B4	10	85
325	3	5	B3	10	89
326	3	6	A10	10	106
327	3	7	A9	10	108
328	3	2	A4	11	74
329	3	3	A10	11	76
330	3	4	B4	11	92
331	3	5	B3	11	96
332	3	6	A10	11	113
333	3	7	A9	11	115
334	3	2	A4	12	81
335	3	3	A10	12	83
336	3	4	B4	12	99
337	3	5	B3	12	103
338	3	6	A10	12	120
339	3	7	A9	12	122
340	3	2	A4	13	88
341	3	3	A10	13	90
342	3	4	B4	13	106
343	3	5	B3	13	110
344	3	6	A10	13	127
345	3	7	A9	13	129
346	3	2	A4	14	95
347	3	3	A10	14	97
348	3	4	B4	14	113
349	3	5	B3	14	117
350	3	6	A10	14	134
351	3	7	A9	14	136
352	3	2	A4	15	102
353	3	3	A10	15	104
354	3	4	B4	15	120
355	3	5	B3	15	124
356	3	6	A10	15	141
357	3	7	A9	15	143
358	3	2	A4	16	109
359	3	3	A10	16	111
360	3	4	B4	16	127
361	3	5	B3	16	131
362	3	6	A10	16	148
363	3	7	A9	16	150
364	3	2	A4	17	116
365	3	3	A10	17	118
366	3	4	B4	17	134
367	3	5	B3	17	138
368	3	6	A10	17	155
369	3	7	A9	17	157
370	3	2	A4	18	123
371	3	3	A10	18	125
372	3	4	B4	18	141
373	3	5	B3	18	145
374	3	6	A10	18	162
375	3	7	A9	18	164
376	3	2	A4	19	130
377	3	3	A10	19	132
378	3	4	B4	19	148
379	3	5	B3	19	152
380	3	6	A10	19	169
381	3	7	A9	19	171
382	3	2	A4	20	137
383	3	3	A10	20	139
384	3	4	B4	20	155
385	3	5	B3	20	159
386	3	6	A10	20	176
387	3	7	A9	20	178
388	4	1	A4	1	5
389	4	2	A6	1	7
390	4	3	A3	1	10
391	4	4	B5	1	23
392	4	5	B6	1	28
393	4	6	B7	1	41
394	4	7	A7	1	50
395	4	8	A4	1	54
396	4	1	A4	2	12
397	4	2	A6	2	14
398	4	3	A3	2	17
399	4	4	B5	2	30
400	4	5	B6	2	35
401	4	6	B7	2	48
402	4	7	A7	2	57
403	4	8	A4	2	61
404	4	1	A4	3	19
405	4	2	A6	3	21
406	4	3	A3	3	24
407	4	4	B5	3	37
408	4	5	B6	3	42
409	4	6	B7	3	55
410	4	7	A7	3	64
411	4	8	A4	3	68
412	4	1	A4	4	26
413	4	2	A6	4	28
414	4	3	A3	4	31
415	4	4	B5	4	44
416	4	5	B6	4	49
417	4	6	B7	4	62
418	4	7	A7	4	71
419	4	8	A4	4	75
420	4	1	A4	5	33
421	4	2	A6	5	35
422	4	3	A3	5	38
423	4	4	B5	5	51
424	4	5	B6	5	56
425	4	6	B7	5	69
426	4	7	A7	5	78
427	4	8	A4	5	82
428	4	1	A4	6	40
429	4	2	A6	6	42
430	4	3	A3	6	45
431	4	4	B5	6	58
432	4	5	B6	6	63
433	4	6	B7	6	76
434	4	7	A7	6	85
435	4	8	A4	6	89
436	4	1	A4	7	47
437	4	2	A6	7	49
438	4	3	A3	7	52
439	4	4	B5	7	65
440	4	5	B6	7	70
441	4	6	B7	7	83
442	4	7	A7	7	92
443	4	8	A4	7	96
444	4	2	A6	8	56
445	4	3	A3	8	59
446	4	4	B5	8	72
447	4	5	B6	8	77
448	4	6	B7	8	90
449	4	7	A7	8	99
450	4	8	A4	8	103
451	4	2	A6	9	63
452	4	3	A3	9	66
453	4	4	B5	9	79
454	4	5	B6	9	84
455	4	6	B7	9	97
456	4	7	A7	9	106
457	4	8	A4	9	110
458	4	2	A6	10	70
459	4	3	A3	10	73
460	4	4	B5	10	86
461	4	5	B6	10	91
462	4	6	B7	10	104
463	4	7	A7	10	113
464	4	8	A4	10	117
465	4	2	A6	11	77
466	4	3	A3	11	80
467	4	4	B5	11	93
468	4	5	B6	11	98
469	4	6	B7	11	111
470	4	7	A7	11	120
471	4	8	A4	11	124
472	4	2	A6	12	84
473	4	3	A3	12	87
474	4	4	B5	12	100
475	4	5	B6	12	105
476	4	6	B7	12	118
477	4	7	A7	12	127
478	4	8	A4	12	131
479	4	2	A6	13	91
480	4	3	A3	13	94
481	4	4	B5	13	107
482	4	5	B6	13	112
483	4	6	B7	13	125
484	4	7	A7	13	134
485	4	8	A4	13	138
486	4	2	A6	14	98
487	4	3	A3	14	101
488	4	4	B5	14	114
489	4	5	B6	14	119
490	4	6	B7	14	132
491	4	7	A7	14	141
492	4	8	A4	14	145
493	4	2	A6	15	105
494	4	3	A3	15	108
495	4	4	B5	15	121
496	4	5	B6	15	126
497	4	6	B7	15	139
498	4	7	A7	15	148
499	4	8	A4	15	152
500	4	2	A6	16	112
501	4	3	A3	16	115
502	4	4	B5	16	128
503	4	5	B6	16	133
504	4	6	B7	16	146
505	4	7	A7	16	155
506	4	8	A4	16	159
507	4	2	A6	17	119
508	4	3	A3	17	122
509	4	4	B5	17	135
510	4	5	B6	17	140
511	4	6	B7	17	153
512	4	7	A7	17	162
513	4	8	A4	17	166
514	4	2	A6	18	126
515	4	3	A3	18	129
516	4	4	B5	18	142
517	4	5	B6	18	147
518	4	6	B7	18	160
519	4	7	A7	18	169
520	4	8	A4	18	173
521	4	2	A6	19	133
522	4	3	A3	19	136
523	4	4	B5	19	149
524	4	5	B6	19	154
525	4	6	B7	19	167
526	4	7	A7	19	176
527	5	1	A11	1	2
528	5	2	A12	1	3
529	5	3	A13	1	5
530	5	4	B5	1	17
531	5	5	B6	1	23
532	5	6	A13	1	36
533	5	7	A14	1	37
534	5	8	A11	1	38
535	5	9	A12	1	40
536	5	10	A11	1	44
537	5	1	A11	2	9
538	5	2	A12	2	10
539	5	3	A13	2	12
540	5	4	B5	2	24
541	5	5	B6	2	30
542	5	6	A13	2	43
543	5	7	A14	2	44
544	5	8	A11	2	45
545	5	9	A12	2	47
546	5	10	A11	2	51
547	5	1	A11	3	16
548	5	2	A12	3	17
549	5	3	A13	3	19
550	5	4	B5	3	31
551	5	5	B6	3	37
552	5	6	A13	3	50
553	5	7	A14	3	51
554	5	8	A11	3	52
555	5	9	A12	3	54
556	5	10	A11	3	58
557	5	1	A11	4	23
558	5	2	A12	4	24
559	5	3	A13	4	26
560	5	4	B5	4	38
561	5	5	B6	4	44
562	5	6	A13	4	57
563	5	7	A14	4	58
564	5	8	A11	4	59
565	5	9	A12	4	61
566	5	10	A11	4	65
567	5	1	A11	5	30
568	5	2	A12	5	31
569	5	3	A13	5	33
570	5	4	B5	5	45
571	5	5	B6	5	51
572	5	6	A13	5	64
573	5	7	A14	5	65
574	5	8	A11	5	66
575	5	9	A12	5	68
576	5	10	A11	5	72
577	5	1	A11	6	37
578	5	2	A12	6	38
579	5	3	A13	6	40
580	5	4	B5	6	52
581	5	5	B6	6	58
582	5	6	A13	6	71
583	5	7	A14	6	72
584	5	8	A11	6	73
585	5	9	A12	6	75
586	5	10	A11	6	79
587	5	2	A12	7	45
588	5	3	A13	7	47
589	5	4	B5	7	59
590	5	5	B6	7	65
591	5	6	A13	7	78
592	5	7	A14	7	79
593	5	8	A11	7	80
594	5	9	A12	7	82
595	5	10	A11	7	86
596	5	2	A12	8	52
597	5	3	A13	8	54
598	5	4	B5	8	66
599	5	5	B6	8	72
600	5	6	A13	8	85
601	5	7	A14	8	86
602	5	8	A11	8	87
603	5	9	A12	8	89
604	5	10	A11	8	93
605	5	2	A12	9	59
606	5	3	A13	9	61
607	5	4	B5	9	73
608	5	5	B6	9	79
609	5	6	A13	9	92
610	5	7	A14	9	93
611	5	8	A11	9	94
612	5	9	A12	9	96
613	5	10	A11	9	100
614	5	2	A12	10	66
615	5	3	A13	10	68
616	5	4	B5	10	80
617	5	5	B6	10	86
618	5	6	A13	10	99
619	5	7	A14	10	100
620	5	8	A11	10	101
621	5	9	A12	10	103
622	5	10	A11	10	107
623	5	2	A12	11	73
624	5	3	A13	11	75
625	5	4	B5	11	87
626	5	5	B6	11	93
627	5	6	A13	11	106
628	5	7	A14	11	107
629	5	8	A11	11	108
630	5	9	A12	11	110
631	5	10	A11	11	114
632	5	2	A12	12	80
633	5	3	A13	12	82
634	5	4	B5	12	94
635	5	5	B6	12	100
636	5	6	A13	12	113
637	5	7	A14	12	114
638	5	8	A11	12	115
639	5	9	A12	12	117
640	5	10	A11	12	121
641	5	2	A12	13	87
642	5	3	A13	13	89
643	5	4	B5	13	101
644	5	5	B6	13	107
645	5	6	A13	13	120
646	5	7	A14	13	121
647	5	8	A11	13	122
648	5	9	A12	13	124
649	5	10	A11	13	128
650	5	2	A12	14	94
651	5	3	A13	14	96
652	5	4	B5	14	108
653	5	5	B6	14	114
654	5	6	A13	14	127
655	5	7	A14	14	128
656	5	8	A11	14	129
657	5	9	A12	14	131
658	5	10	A11	14	135
659	5	2	A12	15	101
660	5	3	A13	15	103
661	5	4	B5	15	115
662	5	5	B6	15	121
663	5	6	A13	15	134
664	5	7	A14	15	135
665	5	8	A11	15	136
666	5	9	A12	15	138
667	5	10	A11	15	142
668	5	2	A12	16	108
669	5	3	A13	16	110
670	5	4	B5	16	122
671	5	5	B6	16	128
672	5	6	A13	16	141
673	5	7	A14	16	142
674	5	8	A11	16	143
675	5	9	A12	16	145
676	5	10	A11	16	149
677	5	2	A12	17	115
678	5	3	A13	17	117
679	5	4	B5	17	129
680	5	5	B6	17	135
681	5	6	A13	17	148
682	5	7	A14	17	149
683	5	8	A11	17	150
684	5	9	A12	17	152
685	5	10	A11	17	156
686	5	2	A12	18	122
687	5	3	A13	18	124
688	5	4	B5	18	136
689	5	5	B6	18	142
690	5	6	A13	18	155
691	5	7	A14	18	156
692	5	8	A11	18	157
693	5	9	A12	18	159
694	5	10	A11	18	163
695	5	2	A12	19	129
696	5	3	A13	19	131
697	5	4	B5	19	143
698	5	5	B6	19	149
699	5	6	A13	19	162
700	5	7	A14	19	163
701	5	8	A11	19	164
702	5	9	A12	19	166
703	5	10	A11	19	170
704	5	2	A12	20	136
705	5	3	A13	20	138
706	5	4	B5	20	150
707	5	5	B6	20	156
708	5	6	A13	20	169
709	5	7	A14	20	170
710	5	8	A11	20	171
711	5	9	A12	20	173
712	5	10	A11	20	177
713	6	1	A15	1	2
714	6	2	A5	1	3
715	6	3	A9	1	5
716	6	4	A4	1	6
717	6	5	B5	1	21
718	6	6	B6	1	26
719	6	7	A15	1	44
720	6	1	A15	2	9
721	6	2	A5	2	10
722	6	3	A9	2	12
723	6	4	A4	2	13
724	6	5	B5	2	28
725	6	6	B6	2	33
726	6	7	A15	2	51
727	6	1	A15	3	16
728	6	2	A5	3	17
729	6	3	A9	3	19
730	6	4	A4	3	20
731	6	5	B5	3	35
732	6	6	B6	3	40
733	6	7	A15	3	58
734	6	1	A15	4	23
735	6	2	A5	4	24
736	6	3	A9	4	26
737	6	4	A4	4	27
738	6	5	B5	4	42
739	6	6	B6	4	47
740	6	7	A15	4	65
741	6	1	A15	5	30
742	6	2	A5	5	31
743	6	3	A9	5	33
744	6	4	A4	5	34
745	6	5	B5	5	49
746	6	6	B6	5	54
747	6	7	A15	5	72
748	6	1	A15	6	37
749	6	2	A5	6	38
750	6	3	A9	6	40
751	6	4	A4	6	41
752	6	5	B5	6	56
753	6	6	B6	6	61
754	6	7	A15	6	79
755	6	2	A5	7	45
756	6	3	A9	7	47
757	6	4	A4	7	48
758	6	5	B5	7	63
759	6	6	B6	7	68
760	6	7	A15	7	86
761	6	2	A5	8	52
762	6	3	A9	8	54
763	6	4	A4	8	55
764	6	5	B5	8	70
765	6	6	B6	8	75
766	6	7	A15	8	93
767	6	2	A5	9	59
768	6	3	A9	9	61
769	6	4	A4	9	62
770	6	5	B5	9	77
771	6	6	B6	9	82
772	6	7	A15	9	100
773	6	2	A5	10	66
774	6	3	A9	10	68
775	6	4	A4	10	69
776	6	5	B5	10	84
777	6	6	B6	10	89
778	6	7	A15	10	107
779	6	2	A5	11	73
780	6	3	A9	11	75
781	6	4	A4	11	76
782	6	5	B5	11	91
783	6	6	B6	11	96
784	6	7	A15	11	114
785	6	2	A5	12	80
786	6	3	A9	12	82
787	6	4	A4	12	83
788	6	5	B5	12	98
789	6	6	B6	12	103
790	6	7	A15	12	121
791	6	2	A5	13	87
792	6	3	A9	13	89
793	6	4	A4	13	90
794	6	5	B5	13	105
795	6	6	B6	13	110
796	6	7	A15	13	128
797	6	2	A5	14	94
798	6	3	A9	14	96
799	6	4	A4	14	97
800	6	5	B5	14	112
801	6	6	B6	14	117
802	6	7	A15	14	135
803	6	2	A5	15	101
804	6	3	A9	15	103
805	6	4	A4	15	104
806	6	5	B5	15	119
807	6	6	B6	15	124
808	6	7	A15	15	142
809	6	2	A5	16	108
810	6	3	A9	16	110
811	6	4	A4	16	111
812	6	5	B5	16	126
813	6	6	B6	16	131
814	6	7	A15	16	149
815	6	2	A5	17	115
816	6	3	A9	17	117
817	6	4	A4	17	118
818	6	5	B5	17	133
819	6	6	B6	17	138
820	6	7	A15	17	156
821	6	2	A5	18	122
822	6	3	A9	18	124
823	6	4	A4	18	125
824	6	5	B5	18	140
825	6	6	B6	18	145
826	6	7	A15	18	163
827	6	2	A5	19	129
828	6	3	A9	19	131
829	6	4	A4	19	132
830	6	5	B5	19	147
831	6	6	B6	19	152
832	6	7	A15	19	170
833	6	2	A5	20	136
834	6	3	A9	20	138
835	6	4	A4	20	139
836	6	5	B5	20	154
837	6	6	B6	20	159
838	6	7	A15	20	177
839	7	1	A2	1	3
840	7	2	A3	1	6
841	7	3	A6	1	8
842	7	4	B5	1	22
843	7	5	B6	1	28
844	7	6	A7	1	43
845	7	7	A2	1	45
846	7	1	A2	2	10
847	7	2	A3	2	13
848	7	3	A6	2	15
849	7	4	B5	2	29
850	7	5	B6	2	35
851	7	6	A7	2	50
852	7	7	A2	2	52
853	7	1	A2	3	17
854	7	2	A3	3	20
855	7	3	A6	3	22
856	7	4	B5	3	36
857	7	5	B6	3	42
858	7	6	A7	3	57
859	7	7	A2	3	59
860	7	1	A2	4	24
861	7	2	A3	4	27
862	7	3	A6	4	29
863	7	4	B5	4	43
864	7	5	B6	4	49
865	7	6	A7	4	64
866	7	7	A2	4	66
867	7	1	A2	5	31
868	7	2	A3	5	34
869	7	3	A6	5	36
870	7	4	B5	5	50
871	7	5	B6	5	56
872	7	6	A7	5	71
873	7	7	A2	5	73
874	7	1	A2	6	38
875	7	2	A3	6	41
876	7	3	A6	6	43
877	7	4	B5	6	57
878	7	5	B6	6	63
879	7	6	A7	6	78
880	7	7	A2	6	80
881	7	2	A3	7	48
882	7	3	A6	7	50
883	7	4	B5	7	64
884	7	5	B6	7	70
885	7	6	A7	7	85
886	7	7	A2	7	87
887	7	2	A3	8	55
888	7	3	A6	8	57
889	7	4	B5	8	71
890	7	5	B6	8	77
891	7	6	A7	8	92
892	7	7	A2	8	94
893	7	2	A3	9	62
894	7	3	A6	9	64
895	7	4	B5	9	78
896	7	5	B6	9	84
897	7	6	A7	9	99
898	7	7	A2	9	101
899	7	2	A3	10	69
900	7	3	A6	10	71
901	7	4	B5	10	85
902	7	5	B6	10	91
903	7	6	A7	10	106
904	7	7	A2	10	108
905	7	2	A3	11	76
906	7	3	A6	11	78
907	7	4	B5	11	92
908	7	5	B6	11	98
909	7	6	A7	11	113
910	7	7	A2	11	115
911	7	2	A3	12	83
912	7	3	A6	12	85
913	7	4	B5	12	99
914	7	5	B6	12	105
915	7	6	A7	12	120
916	7	7	A2	12	122
917	7	2	A3	13	90
918	7	3	A6	13	92
919	7	4	B5	13	106
920	7	5	B6	13	112
921	7	6	A7	13	127
922	7	7	A2	13	129
923	7	2	A3	14	97
924	7	3	A6	14	99
925	7	4	B5	14	113
926	7	5	B6	14	119
927	7	6	A7	14	134
928	7	7	A2	14	136
929	7	2	A3	15	104
930	7	3	A6	15	106
931	7	4	B5	15	120
932	7	5	B6	15	126
933	7	6	A7	15	141
934	7	7	A2	15	143
935	7	2	A3	16	111
936	7	3	A6	16	113
937	7	4	B5	16	127
938	7	5	B6	16	133
939	7	6	A7	16	148
940	7	7	A2	16	150
941	7	2	A3	17	118
942	7	3	A6	17	120
943	7	4	B5	17	134
944	7	5	B6	17	140
945	7	6	A7	17	155
946	7	7	A2	17	157
947	7	2	A3	18	125
948	7	3	A6	18	127
949	7	4	B5	18	141
950	7	5	B6	18	147
951	7	6	A7	18	162
952	7	7	A2	18	164
953	7	2	A3	19	132
954	7	3	A6	19	134
955	7	4	B5	19	148
956	7	5	B6	19	154
957	7	6	A7	19	169
958	7	7	A2	19	171
959	7	2	A3	20	139
960	7	3	A6	20	141
961	7	4	B5	20	155
962	7	5	B6	20	161
963	7	6	A7	20	176
964	7	7	A2	20	178
965	8	1	A6	1	5
966	8	2	A3	1	6
967	8	3	A7	1	10
968	8	4	B1	1	22
969	8	5	A7	1	43
970	8	6	A6	1	47
971	8	1	A6	2	12
972	8	2	A3	2	13
973	8	3	A7	2	17
974	8	4	B1	2	29
975	8	5	A7	2	50
976	8	6	A6	2	54
977	8	1	A6	3	19
978	8	2	A3	3	20
979	8	3	A7	3	24
980	8	4	B1	3	36
981	8	5	A7	3	57
982	8	6	A6	3	61
983	8	1	A6	4	26
984	8	2	A3	4	27
985	8	3	A7	4	31
986	8	4	B1	4	43
987	8	5	A7	4	64
988	8	6	A6	4	68
989	8	1	A6	5	33
990	8	2	A3	5	34
991	8	3	A7	5	38
992	8	4	B1	5	50
993	8	5	A7	5	71
994	8	6	A6	5	75
995	8	1	A6	6	40
996	8	2	A3	6	41
997	8	3	A7	6	45
998	8	4	B1	6	57
999	8	5	A7	6	78
1000	8	6	A6	6	82
1001	8	2	A3	7	48
1002	8	3	A7	7	52
1003	8	4	B1	7	64
1004	8	5	A7	7	85
1005	8	6	A6	7	89
1006	8	2	A3	8	55
1007	8	3	A7	8	59
1008	8	4	B1	8	71
1009	8	5	A7	8	92
1010	8	6	A6	8	96
1011	8	2	A3	9	62
1012	8	3	A7	9	66
1013	8	4	B1	9	78
1014	8	5	A7	9	99
1015	8	6	A6	9	103
1016	8	2	A3	10	69
1017	8	3	A7	10	73
1018	8	4	B1	10	85
1019	8	5	A7	10	106
1020	8	6	A6	10	110
1021	8	2	A3	11	76
1022	8	3	A7	11	80
1023	8	4	B1	11	92
1024	8	5	A7	11	113
1025	8	6	A6	11	117
1026	8	2	A3	12	83
1027	8	3	A7	12	87
1028	8	4	B1	12	99
1029	8	5	A7	12	120
1030	8	6	A6	12	124
1031	8	2	A3	13	90
1032	8	3	A7	13	94
1033	8	4	B1	13	106
1034	8	5	A7	13	127
1035	8	6	A6	13	131
1036	8	2	A3	14	97
1037	8	3	A7	14	101
1038	8	4	B1	14	113
1039	8	5	A7	14	134
1040	8	6	A6	14	138
1041	8	2	A3	15	104
1042	8	3	A7	15	108
1043	8	4	B1	15	120
1044	8	5	A7	15	141
1045	8	6	A6	15	145
1046	8	2	A3	16	111
1047	8	3	A7	16	115
1048	8	4	B1	16	127
1049	8	5	A7	16	148
1050	8	6	A6	16	152
1051	8	2	A3	17	118
1052	8	3	A7	17	122
1053	8	4	B1	17	134
1054	8	5	A7	17	155
1055	8	6	A6	17	159
1056	8	2	A3	18	125
1057	8	3	A7	18	129
1058	8	4	B1	18	141
1059	8	5	A7	18	162
1060	8	6	A6	18	166
1061	8	2	A3	19	132
1062	8	3	A7	19	136
1063	8	4	B1	19	148
1064	8	5	A7	19	169
1065	8	6	A6	19	173
1066	8	2	A3	20	139
1067	8	3	A7	20	143
1068	8	4	B1	20	155
1069	8	5	A7	20	176
1070	9	1	A3	1	6
1071	9	2	A6	1	7
1072	9	3	A10	1	10
1073	9	4	A4	1	12
1074	9	5	B8	1	29
1075	9	6	B4	1	36
1076	9	7	A13	1	53
1077	9	8	A17	1	55
1078	9	9	A2	1	60
1079	9	10	A3	1	62
1080	9	1	A3	2	13
1081	9	2	A6	2	14
1082	9	3	A10	2	17
1083	9	4	A4	2	19
1084	9	5	B8	2	36
1085	9	6	B4	2	43
1086	9	7	A13	2	60
1087	9	8	A17	2	62
1088	9	9	A2	2	67
1089	9	10	A3	2	69
1090	9	1	A3	3	20
1091	9	2	A6	3	21
1092	9	3	A10	3	24
1093	9	4	A4	3	26
1094	9	5	B8	3	43
1095	9	6	B4	3	50
1096	9	7	A13	3	67
1097	9	8	A17	3	69
1098	9	9	A2	3	74
1099	9	10	A3	3	76
1100	9	1	A3	4	27
1101	9	2	A6	4	28
1102	9	3	A10	4	31
1103	9	4	A4	4	33
1104	9	5	B8	4	50
1105	9	6	B4	4	57
1106	9	7	A13	4	74
1107	9	8	A17	4	76
1108	9	9	A2	4	81
1109	9	10	A3	4	83
1110	9	1	A3	5	34
1111	9	2	A6	5	35
1112	9	3	A10	5	38
1113	9	4	A4	5	40
1114	9	5	B8	5	57
1115	9	6	B4	5	64
1116	9	7	A13	5	81
1117	9	8	A17	5	83
1118	9	9	A2	5	88
1119	9	10	A3	5	90
1120	9	1	A3	6	41
1121	9	2	A6	6	42
1122	9	3	A10	6	45
1123	9	4	A4	6	47
1124	9	5	B8	6	64
1125	9	6	B4	6	71
1126	9	7	A13	6	88
1127	9	8	A17	6	90
1128	9	9	A2	6	95
1129	9	10	A3	6	97
1130	9	1	A3	7	48
1131	9	2	A6	7	49
1132	9	3	A10	7	52
1133	9	4	A4	7	54
1134	9	5	B8	7	71
1135	9	6	B4	7	78
1136	9	7	A13	7	95
1137	9	8	A17	7	97
1138	9	9	A2	7	102
1139	9	10	A3	7	104
1140	9	1	A3	8	55
1141	9	2	A6	8	56
1142	9	3	A10	8	59
1143	9	4	A4	8	61
1144	9	5	B8	8	78
1145	9	6	B4	8	85
1146	9	7	A13	8	102
1147	9	8	A17	8	104
1148	9	9	A2	8	109
1149	9	10	A3	8	111
1150	9	2	A6	9	63
1151	9	3	A10	9	66
1152	9	4	A4	9	68
1153	9	5	B8	9	85
1154	9	6	B4	9	92
1155	9	7	A13	9	109
1156	9	8	A17	9	111
1157	9	9	A2	9	116
1158	9	10	A3	9	118
1159	9	2	A6	10	70
1160	9	3	A10	10	73
1161	9	4	A4	10	75
1162	9	5	B8	10	92
1163	9	6	B4	10	99
1164	9	7	A13	10	116
1165	9	8	A17	10	118
1166	9	9	A2	10	123
1167	9	10	A3	10	125
1168	9	2	A6	11	77
1169	9	3	A10	11	80
1170	9	4	A4	11	82
1171	9	5	B8	11	99
1172	9	6	B4	11	106
1173	9	7	A13	11	123
1174	9	8	A17	11	125
1175	9	9	A2	11	130
1176	9	10	A3	11	132
1177	9	2	A6	12	84
1178	9	3	A10	12	87
1179	9	4	A4	12	89
1180	9	5	B8	12	106
1181	9	6	B4	12	113
1182	9	7	A13	12	130
1183	9	8	A17	12	132
1184	9	9	A2	12	137
1185	9	10	A3	12	139
1186	9	2	A6	13	91
1187	9	3	A10	13	94
1188	9	4	A4	13	96
1189	9	5	B8	13	113
1190	9	6	B4	13	120
1191	9	7	A13	13	137
1192	9	8	A17	13	139
1193	9	9	A2	13	144
1194	9	10	A3	13	146
1195	9	2	A6	14	98
1196	9	3	A10	14	101
1197	9	4	A4	14	103
1198	9	5	B8	14	120
1199	9	6	B4	14	127
1200	9	7	A13	14	144
1201	9	8	A17	14	146
1202	9	9	A2	14	151
1203	9	10	A3	14	153
1204	9	2	A6	15	105
1205	9	3	A10	15	108
1206	9	4	A4	15	110
1207	9	5	B8	15	127
1208	9	6	B4	15	134
1209	9	7	A13	15	151
1210	9	8	A17	15	153
1211	9	9	A2	15	158
1212	9	10	A3	15	160
1213	9	2	A6	16	112
1214	9	3	A10	16	115
1215	9	4	A4	16	117
1216	9	5	B8	16	134
1217	9	6	B4	16	141
1218	9	7	A13	16	158
1219	9	8	A17	16	160
1220	9	9	A2	16	165
1221	9	10	A3	16	167
1222	9	2	A6	17	119
1223	9	3	A10	17	122
1224	9	4	A4	17	124
1225	9	5	B8	17	141
1226	9	6	B4	17	148
1227	9	7	A13	17	165
1228	9	8	A17	17	167
1229	9	9	A2	17	172
1230	9	10	A3	17	174
1231	10	1	A3	1	1
1232	10	2	A16	1	2
1233	10	3	A18	1	4
1234	10	4	A4	1	5
1235	10	5	A5	1	8
1236	10	6	B5	1	23
1237	10	7	B3	1	33
1238	10	8	A3	1	50
1239	10	1	A3	2	8
1240	10	2	A16	2	9
1241	10	3	A18	2	11
1242	10	4	A4	2	12
1243	10	5	A5	2	15
1244	10	6	B5	2	30
1245	10	7	B3	2	40
1246	10	8	A3	2	57
1247	10	1	A3	3	15
1248	10	2	A16	3	16
1249	10	3	A18	3	18
1250	10	4	A4	3	19
1251	10	5	A5	3	22
1252	10	6	B5	3	37
1253	10	7	B3	3	47
1254	10	8	A3	3	64
1255	10	1	A3	4	22
1256	10	2	A16	4	23
1257	10	3	A18	4	25
1258	10	4	A4	4	26
1259	10	5	A5	4	29
1260	10	6	B5	4	44
1261	10	7	B3	4	54
1262	10	8	A3	4	71
1263	10	1	A3	5	29
1264	10	2	A16	5	30
1265	10	3	A18	5	32
1266	10	4	A4	5	33
1267	10	5	A5	5	36
1268	10	6	B5	5	51
1269	10	7	B3	5	61
1270	10	8	A3	5	78
1271	10	1	A3	6	36
1272	10	2	A16	6	37
1273	10	3	A18	6	39
1274	10	4	A4	6	40
1275	10	5	A5	6	43
1276	10	6	B5	6	58
1277	10	7	B3	6	68
1278	10	8	A3	6	85
1279	10	1	A3	7	43
1280	10	2	A16	7	44
1281	10	3	A18	7	46
1282	10	4	A4	7	47
1283	10	5	A5	7	50
1284	10	6	B5	7	65
1285	10	7	B3	7	75
1286	10	8	A3	7	92
1287	10	2	A16	8	51
1288	10	3	A18	8	53
1289	10	4	A4	8	54
1290	10	5	A5	8	57
1291	10	6	B5	8	72
1292	10	7	B3	8	82
1293	10	8	A3	8	99
1294	10	2	A16	9	58
1295	10	3	A18	9	60
1296	10	4	A4	9	61
1297	10	5	A5	9	64
1298	10	6	B5	9	79
1299	10	7	B3	9	89
1300	10	8	A3	9	106
1301	10	2	A16	10	65
1302	10	3	A18	10	67
1303	10	4	A4	10	68
1304	10	5	A5	10	71
1305	10	6	B5	10	86
1306	10	7	B3	10	96
1307	10	8	A3	10	113
1308	10	2	A16	11	72
1309	10	3	A18	11	74
1310	10	4	A4	11	75
1311	10	5	A5	11	78
1312	10	6	B5	11	93
1313	10	7	B3	11	103
1314	10	8	A3	11	120
1315	10	2	A16	12	79
1316	10	3	A18	12	81
1317	10	4	A4	12	82
1318	10	5	A5	12	85
1319	10	6	B5	12	100
1320	10	7	B3	12	110
1321	10	8	A3	12	127
1322	10	2	A16	13	86
1323	10	3	A18	13	88
1324	10	4	A4	13	89
1325	10	5	A5	13	92
1326	10	6	B5	13	107
1327	10	7	B3	13	117
1328	10	8	A3	13	134
1329	10	2	A16	14	93
1330	10	3	A18	14	95
1331	10	4	A4	14	96
1332	10	5	A5	14	99
1333	10	6	B5	14	114
1334	10	7	B3	14	124
1335	10	8	A3	14	141
1336	10	2	A16	15	100
1337	10	3	A18	15	102
1338	10	4	A4	15	103
1339	10	5	A5	15	106
1340	10	6	B5	15	121
1341	10	7	B3	15	131
1342	10	8	A3	15	148
1343	10	2	A16	16	107
1344	10	3	A18	16	109
1345	10	4	A4	16	110
1346	10	5	A5	16	113
1347	10	6	B5	16	128
1348	10	7	B3	16	138
1349	10	8	A3	16	155
1350	10	2	A16	17	114
1351	10	3	A18	17	116
1352	10	4	A4	17	117
1353	10	5	A5	17	120
1354	10	6	B5	17	135
1355	10	7	B3	17	145
1356	10	8	A3	17	162
1357	10	2	A16	18	121
1358	10	3	A18	18	123
1359	10	4	A4	18	124
1360	10	5	A5	18	127
1361	10	6	B5	18	142
1362	10	7	B3	18	152
1363	10	8	A3	18	169
1364	10	2	A16	19	128
1365	10	3	A18	19	130
1366	10	4	A4	19	131
1367	10	5	A5	19	134
1368	10	6	B5	19	149
1369	10	7	B3	19	159
1370	10	8	A3	19	176
1371	11	1	A19	1	3
1372	11	2	A18	1	7
1373	11	3	A9	1	8
1374	11	4	A4	1	9
1375	11	5	A10	1	11
1376	11	6	B1	1	24
1377	11	7	A10	1	48
1378	11	8	A19	1	52
1379	11	1	A19	2	10
1380	11	2	A18	2	14
1381	11	3	A9	2	15
1382	11	4	A4	2	16
1383	11	5	A10	2	18
1384	11	6	B1	2	31
1385	11	7	A10	2	55
1386	11	8	A19	2	59
1387	11	1	A19	3	17
1388	11	2	A18	3	21
1389	11	3	A9	3	22
1390	11	4	A4	3	23
1391	11	5	A10	3	25
1392	11	6	B1	3	38
1393	11	7	A10	3	62
1394	11	8	A19	3	66
1395	11	1	A19	4	24
1396	11	2	A18	4	28
1397	11	3	A9	4	29
1398	11	4	A4	4	30
1399	11	5	A10	4	32
1400	11	6	B1	4	45
1401	11	7	A10	4	69
1402	11	8	A19	4	73
1403	11	1	A19	5	31
1404	11	2	A18	5	35
1405	11	3	A9	5	36
1406	11	4	A4	5	37
1407	11	5	A10	5	39
1408	11	6	B1	5	52
1409	11	7	A10	5	76
1410	11	8	A19	5	80
1411	11	1	A19	6	38
1412	11	2	A18	6	42
1413	11	3	A9	6	43
1414	11	4	A4	6	44
1415	11	5	A10	6	46
1416	11	6	B1	6	59
1417	11	7	A10	6	83
1418	11	8	A19	6	87
1419	11	1	A19	7	45
1420	11	2	A18	7	49
1421	11	3	A9	7	50
1422	11	4	A4	7	51
1423	11	5	A10	7	53
1424	11	6	B1	7	66
1425	11	7	A10	7	90
1426	11	8	A19	7	94
1427	11	2	A18	8	56
1428	11	3	A9	8	57
1429	11	4	A4	8	58
1430	11	5	A10	8	60
1431	11	6	B1	8	73
1432	11	7	A10	8	97
1433	11	8	A19	8	101
1434	11	2	A18	9	63
1435	11	3	A9	9	64
1436	11	4	A4	9	65
1437	11	5	A10	9	67
1438	11	6	B1	9	80
1439	11	7	A10	9	104
1440	11	8	A19	9	108
1441	11	2	A18	10	70
1442	11	3	A9	10	71
1443	11	4	A4	10	72
1444	11	5	A10	10	74
1445	11	6	B1	10	87
1446	11	7	A10	10	111
1447	11	8	A19	10	115
1448	11	2	A18	11	77
1449	11	3	A9	11	78
1450	11	4	A4	11	79
1451	11	5	A10	11	81
1452	11	6	B1	11	94
1453	11	7	A10	11	118
1454	11	8	A19	11	122
1455	11	2	A18	12	84
1456	11	3	A9	12	85
1457	11	4	A4	12	86
1458	11	5	A10	12	88
1459	11	6	B1	12	101
1460	11	7	A10	12	125
1461	11	8	A19	12	129
1462	11	2	A18	13	91
1463	11	3	A9	13	92
1464	11	4	A4	13	93
1465	11	5	A10	13	95
1466	11	6	B1	13	108
1467	11	7	A10	13	132
1468	11	8	A19	13	136
1469	11	2	A18	14	98
1470	11	3	A9	14	99
1471	11	4	A4	14	100
1472	11	5	A10	14	102
1473	11	6	B1	14	115
1474	11	7	A10	14	139
1475	11	8	A19	14	143
1476	11	2	A18	15	105
1477	11	3	A9	15	106
1478	11	4	A4	15	107
1479	11	5	A10	15	109
1480	11	6	B1	15	122
1481	11	7	A10	15	146
1482	11	8	A19	15	150
1483	11	2	A18	16	112
1484	11	3	A9	16	113
1485	11	4	A4	16	114
1486	11	5	A10	16	116
1487	11	6	B1	16	129
1488	11	7	A10	16	153
1489	11	8	A19	16	157
1490	11	2	A18	17	119
1491	11	3	A9	17	120
1492	11	4	A4	17	121
1493	11	5	A10	17	123
1494	11	6	B1	17	136
1495	11	7	A10	17	160
1496	11	8	A19	17	164
1497	11	2	A18	18	126
1498	11	3	A9	18	127
1499	11	4	A4	18	128
1500	11	5	A10	18	130
1501	11	6	B1	18	143
1502	11	7	A10	18	167
1503	11	8	A19	18	171
1504	11	2	A18	19	133
1505	11	3	A9	19	134
1506	11	4	A4	19	135
1507	11	5	A10	19	137
1508	11	6	B1	19	150
1509	11	7	A10	19	174
1510	11	8	A19	19	178
1511	12	1	A9	1	1
1512	12	2	A4	1	4
1513	12	3	A6	1	7
1514	12	4	A3	1	9
1515	12	5	B2	1	20
1516	12	6	B4	1	24
1517	12	7	A9	1	43
1518	12	1	A9	2	8
1519	12	2	A4	2	11
1520	12	3	A6	2	14
1521	12	4	A3	2	16
1522	12	5	B2	2	27
1523	12	6	B4	2	31
1524	12	7	A9	2	50
1525	12	1	A9	3	15
1526	12	2	A4	3	18
1527	12	3	A6	3	21
1528	12	4	A3	3	23
1529	12	5	B2	3	34
1530	12	6	B4	3	38
1531	12	7	A9	3	57
1532	12	1	A9	4	22
1533	12	2	A4	4	25
1534	12	3	A6	4	28
1535	12	4	A3	4	30
1536	12	5	B2	4	41
1537	12	6	B4	4	45
1538	12	7	A9	4	64
1539	12	1	A9	5	29
1540	12	2	A4	5	32
1541	12	3	A6	5	35
1542	12	4	A3	5	37
1543	12	5	B2	5	48
1544	12	6	B4	5	52
1545	12	7	A9	5	71
1546	12	1	A9	6	36
1547	12	2	A4	6	39
1548	12	3	A6	6	42
1549	12	4	A3	6	44
1550	12	5	B2	6	55
1551	12	6	B4	6	59
1552	12	7	A9	6	78
1553	12	2	A4	7	46
1554	12	3	A6	7	49
1555	12	4	A3	7	51
1556	12	5	B2	7	62
1557	12	6	B4	7	66
1558	12	7	A9	7	85
1559	12	2	A4	8	53
1560	12	3	A6	8	56
1561	12	4	A3	8	58
1562	12	5	B2	8	69
1563	12	6	B4	8	73
1564	12	7	A9	8	92
1565	12	2	A4	9	60
1566	12	3	A6	9	63
1567	12	4	A3	9	65
1568	12	5	B2	9	76
1569	12	6	B4	9	80
1570	12	7	A9	9	99
1571	12	2	A4	10	67
1572	12	3	A6	10	70
1573	12	4	A3	10	72
1574	12	5	B2	10	83
1575	12	6	B4	10	87
1576	12	7	A9	10	106
1577	12	2	A4	11	74
1578	12	3	A6	11	77
1579	12	4	A3	11	79
1580	12	5	B2	11	90
1581	12	6	B4	11	94
1582	12	7	A9	11	113
1583	12	2	A4	12	81
1584	12	3	A6	12	84
1585	12	4	A3	12	86
1586	12	5	B2	12	97
1587	12	6	B4	12	101
1588	12	7	A9	12	120
1589	12	2	A4	13	88
1590	12	3	A6	13	91
1591	12	4	A3	13	93
1592	12	5	B2	13	104
1593	12	6	B4	13	108
1594	12	7	A9	13	127
1595	12	2	A4	14	95
1596	12	3	A6	14	98
1597	12	4	A3	14	100
1598	12	5	B2	14	111
1599	12	6	B4	14	115
1600	12	7	A9	14	134
1601	12	2	A4	15	102
1602	12	3	A6	15	105
1603	12	4	A3	15	107
1604	12	5	B2	15	118
1605	12	6	B4	15	122
1606	12	7	A9	15	141
1607	12	2	A4	16	109
1608	12	3	A6	16	112
1609	12	4	A3	16	114
1610	12	5	B2	16	125
1611	12	6	B4	16	129
1612	12	7	A9	16	148
1613	12	2	A4	17	116
1614	12	3	A6	17	119
1615	12	4	A3	17	121
1616	12	5	B2	17	132
1617	12	6	B4	17	136
1618	12	7	A9	17	155
1619	12	2	A4	18	123
1620	12	3	A6	18	126
1621	12	4	A3	18	128
1622	12	5	B2	18	139
1623	12	6	B4	18	143
1624	12	7	A9	18	162
1625	12	2	A4	19	130
1626	12	3	A6	19	133
1627	12	4	A3	19	135
1628	12	5	B2	19	146
1629	12	6	B4	19	150
1630	12	7	A9	19	169
1631	12	2	A4	20	137
1632	12	3	A6	20	140
1633	12	4	A3	20	142
1634	12	5	B2	20	153
1635	12	6	B4	20	157
1636	12	7	A9	20	176
1637	13	1	A19	1	2
1638	13	2	A20	1	6
1639	13	3	A5	1	9
1640	13	4	A6	1	12
1641	13	5	B1	1	28
1642	13	6	A19	1	51
1643	13	1	A19	2	9
1644	13	2	A20	2	13
1645	13	3	A5	2	16
1646	13	4	A6	2	19
1647	13	5	B1	2	35
1648	13	6	A19	2	58
1649	13	1	A19	3	16
1650	13	2	A20	3	20
1651	13	3	A5	3	23
1652	13	4	A6	3	26
1653	13	5	B1	3	42
1654	13	6	A19	3	65
1655	13	1	A19	4	23
1656	13	2	A20	4	27
1657	13	3	A5	4	30
1658	13	4	A6	4	33
1659	13	5	B1	4	49
1660	13	6	A19	4	72
1661	13	1	A19	5	30
1662	13	2	A20	5	34
1663	13	3	A5	5	37
1664	13	4	A6	5	40
1665	13	5	B1	5	56
1666	13	6	A19	5	79
1667	13	1	A19	6	37
1668	13	2	A20	6	41
1669	13	3	A5	6	44
1670	13	4	A6	6	47
1671	13	5	B1	6	63
1672	13	6	A19	6	86
1673	13	1	A19	7	44
1674	13	2	A20	7	48
1675	13	3	A5	7	51
1676	13	4	A6	7	54
1677	13	5	B1	7	70
1678	13	6	A19	7	93
1679	13	2	A20	8	55
1680	13	3	A5	8	58
1681	13	4	A6	8	61
1682	13	5	B1	8	77
1683	13	6	A19	8	100
1684	13	2	A20	9	62
1685	13	3	A5	9	65
1686	13	4	A6	9	68
1687	13	5	B1	9	84
1688	13	6	A19	9	107
1689	13	2	A20	10	69
1690	13	3	A5	10	72
1691	13	4	A6	10	75
1692	13	5	B1	10	91
1693	13	6	A19	10	114
1694	13	2	A20	11	76
1695	13	3	A5	11	79
1696	13	4	A6	11	82
1697	13	5	B1	11	98
1698	13	6	A19	11	121
1699	13	2	A20	12	83
1700	13	3	A5	12	86
1701	13	4	A6	12	89
1702	13	5	B1	12	105
1703	13	6	A19	12	128
1704	13	2	A20	13	90
1705	13	3	A5	13	93
1706	13	4	A6	13	96
1707	13	5	B1	13	112
1708	13	6	A19	13	135
1709	13	2	A20	14	97
1710	13	3	A5	14	100
1711	13	4	A6	14	103
1712	13	5	B1	14	119
1713	13	6	A19	14	142
1714	13	2	A20	15	104
1715	13	3	A5	15	107
1716	13	4	A6	15	110
1717	13	5	B1	15	126
1718	13	6	A19	15	149
1719	13	2	A20	16	111
1720	13	3	A5	16	114
1721	13	4	A6	16	117
1722	13	5	B1	16	133
1723	13	6	A19	16	156
1724	13	2	A20	17	118
1725	13	3	A5	17	121
1726	13	4	A6	17	124
1727	13	5	B1	17	140
1728	13	6	A19	17	163
1729	13	2	A20	18	125
1730	13	3	A5	18	128
1731	13	4	A6	18	131
1732	13	5	B1	18	147
1733	13	6	A19	18	170
1734	13	2	A20	19	132
1735	13	3	A5	19	135
1736	13	4	A6	19	138
1737	13	5	B1	19	154
1738	13	6	A19	19	177
