TravelingArc_ID	Route	Origin_node_ID	Origin_Call	Origin_Port	Round_Trip	OriginTime	TravelingTime	Destination_node_ID	Destination_Call	Destination_Port	DestinationTime
1	1	1	1	A1	1	2	3	2	2	A2	5
2	1	2	2	A2	1	5	3	3	3	A3	8
3	1	3	3	A3	1	8	16	4	4	B1	24
4	1	4	4	B1	1	24	8	5	5	B2	32
5	1	5	5	B2	1	32	19	6	6	A1	51
6	1	6	6	A1	1	51	3	43	2	A2	54
7	1	7	1	A1	2	9	3	8	2	A2	12
8	1	8	2	A2	2	12	3	9	3	A3	15
9	1	9	3	A3	2	15	16	10	4	B1	31
10	1	10	4	B1	2	31	8	11	5	B2	39
11	1	11	5	B2	2	39	19	12	6	A1	58
12	1	12	6	A1	2	58	3	48	2	A2	61
13	1	13	1	A1	3	16	3	14	2	A2	19
14	1	14	2	A2	3	19	3	15	3	A3	22
15	1	15	3	A3	3	22	16	16	4	B1	38
16	1	16	4	B1	3	38	8	17	5	B2	46
17	1	17	5	B2	3	46	19	18	6	A1	65
18	1	18	6	A1	3	65	3	53	2	A2	68
19	1	19	1	A1	4	23	3	20	2	A2	26
20	1	20	2	A2	4	26	3	21	3	A3	29
21	1	21	3	A3	4	29	16	22	4	B1	45
22	1	22	4	B1	4	45	8	23	5	B2	53
23	1	23	5	B2	4	53	19	24	6	A1	72
24	1	24	6	A1	4	72	3	58	2	A2	75
25	1	25	1	A1	5	30	3	26	2	A2	33
26	1	26	2	A2	5	33	3	27	3	A3	36
27	1	27	3	A3	5	36	16	28	4	B1	52
28	1	28	4	B1	5	52	8	29	5	B2	60
29	1	29	5	B2	5	60	19	30	6	A1	79
30	1	30	6	A1	5	79	3	63	2	A2	82
31	1	31	1	A1	6	37	3	32	2	A2	40
32	1	32	2	A2	6	40	3	33	3	A3	43
33	1	33	3	A3	6	43	16	34	4	B1	59
34	1	34	4	B1	6	59	8	35	5	B2	67
35	1	35	5	B2	6	67	19	36	6	A1	86
36	1	36	6	A1	6	86	3	68	2	A2	89
37	1	37	1	A1	7	44	3	38	2	A2	47
38	1	38	2	A2	7	47	3	39	3	A3	50
39	1	39	3	A3	7	50	16	40	4	B1	66
40	1	40	4	B1	7	66	8	41	5	B2	74
41	1	41	5	B2	7	74	19	42	6	A1	93
42	1	42	6	A1	7	93	3	73	2	A2	96
43	1	43	2	A2	8	54	3	44	3	A3	57
44	1	44	3	A3	8	57	16	45	4	B1	73
45	1	45	4	B1	8	73	8	46	5	B2	81
46	1	46	5	B2	8	81	19	47	6	A1	100
47	1	47	6	A1	8	100	3	78	2	A2	103
48	1	48	2	A2	9	61	3	49	3	A3	64
49	1	49	3	A3	9	64	16	50	4	B1	80
50	1	50	4	B1	9	80	8	51	5	B2	88
51	1	51	5	B2	9	88	19	52	6	A1	107
52	1	52	6	A1	9	107	3	83	2	A2	110
53	1	53	2	A2	10	68	3	54	3	A3	71
54	1	54	3	A3	10	71	16	55	4	B1	87
55	1	55	4	B1	10	87	8	56	5	B2	95
56	1	56	5	B2	10	95	19	57	6	A1	114
57	1	57	6	A1	10	114	3	88	2	A2	117
58	1	58	2	A2	11	75	3	59	3	A3	78
59	1	59	3	A3	11	78	16	60	4	B1	94
60	1	60	4	B1	11	94	8	61	5	B2	102
61	1	61	5	B2	11	102	19	62	6	A1	121
62	1	62	6	A1	11	121	3	93	2	A2	124
63	1	63	2	A2	12	82	3	64	3	A3	85
64	1	64	3	A3	12	85	16	65	4	B1	101
65	1	65	4	B1	12	101	8	66	5	B2	109
66	1	66	5	B2	12	109	19	67	6	A1	128
67	1	67	6	A1	12	128	3	98	2	A2	131
68	1	68	2	A2	13	89	3	69	3	A3	92
69	1	69	3	A3	13	92	16	70	4	B1	108
70	1	70	4	B1	13	108	8	71	5	B2	116
71	1	71	5	B2	13	116	19	72	6	A1	135
72	1	73	2	A2	14	96	3	74	3	A3	99
73	1	74	3	A3	14	99	16	75	4	B1	115
74	1	75	4	B1	14	115	8	76	5	B2	123
75	1	76	5	B2	14	123	19	77	6	A1	142
76	1	78	2	A2	15	103	3	79	3	A3	106
77	1	79	3	A3	15	106	16	80	4	B1	122
78	1	80	4	B1	15	122	8	81	5	B2	130
79	1	81	5	B2	15	130	19	82	6	A1	149
80	1	83	2	A2	16	110	3	84	3	A3	113
81	1	84	3	A3	16	113	16	85	4	B1	129
82	1	85	4	B1	16	129	8	86	5	B2	137
83	1	86	5	B2	16	137	19	87	6	A1	156
84	1	88	2	A2	17	117	3	89	3	A3	120
85	1	89	3	A3	17	120	16	90	4	B1	136
86	1	90	4	B1	17	136	8	91	5	B2	144
87	1	91	5	B2	17	144	19	92	6	A1	163
88	1	93	2	A2	18	124	3	94	3	A3	127
89	1	94	3	A3	18	127	16	95	4	B1	143
90	1	95	4	B1	18	143	8	96	5	B2	151
91	1	96	5	B2	18	151	19	97	6	A1	170
92	1	98	2	A2	19	131	3	99	3	A3	134
93	1	99	3	A3	19	134	16	100	4	B1	150
94	1	100	4	B1	19	150	8	101	5	B2	158
95	1	101	5	B2	19	158	19	102	6	A1	177
96	2	103	1	A4	1	1	2	104	2	A5	3
97	2	104	2	A5	1	3	2	105	3	A6	5
98	2	105	3	A6	1	5	1	106	4	A3	6
99	2	106	4	A3	1	6	3	107	5	A7	9
100	2	107	5	A7	1	9	12	108	6	B3	21
101	2	108	6	B3	1	21	3	109	7	B4	24
102	2	109	7	B4	1	24	23	110	8	A8	47
103	2	110	8	A8	1	47	3	111	9	A4	50
104	2	111	9	A4	1	50	2	166	2	A5	52
105	2	112	1	A4	2	8	2	113	2	A5	10
106	2	113	2	A5	2	10	2	114	3	A6	12
107	2	114	3	A6	2	12	1	115	4	A3	13
108	2	115	4	A3	2	13	3	116	5	A7	16
109	2	116	5	A7	2	16	12	117	6	B3	28
110	2	117	6	B3	2	28	3	118	7	B4	31
111	2	118	7	B4	2	31	23	119	8	A8	54
112	2	119	8	A8	2	54	3	120	9	A4	57
113	2	120	9	A4	2	57	2	174	2	A5	59
114	2	121	1	A4	3	15	2	122	2	A5	17
115	2	122	2	A5	3	17	2	123	3	A6	19
116	2	123	3	A6	3	19	1	124	4	A3	20
117	2	124	4	A3	3	20	3	125	5	A7	23
118	2	125	5	A7	3	23	12	126	6	B3	35
119	2	126	6	B3	3	35	3	127	7	B4	38
120	2	127	7	B4	3	38	23	128	8	A8	61
121	2	128	8	A8	3	61	3	129	9	A4	64
122	2	129	9	A4	3	64	2	182	2	A5	66
123	2	130	1	A4	4	22	2	131	2	A5	24
124	2	131	2	A5	4	24	2	132	3	A6	26
125	2	132	3	A6	4	26	1	133	4	A3	27
126	2	133	4	A3	4	27	3	134	5	A7	30
127	2	134	5	A7	4	30	12	135	6	B3	42
128	2	135	6	B3	4	42	3	136	7	B4	45
129	2	136	7	B4	4	45	23	137	8	A8	68
130	2	137	8	A8	4	68	3	138	9	A4	71
131	2	138	9	A4	4	71	2	190	2	A5	73
132	2	139	1	A4	5	29	2	140	2	A5	31
133	2	140	2	A5	5	31	2	141	3	A6	33
134	2	141	3	A6	5	33	1	142	4	A3	34
135	2	142	4	A3	5	34	3	143	5	A7	37
136	2	143	5	A7	5	37	12	144	6	B3	49
137	2	144	6	B3	5	49	3	145	7	B4	52
138	2	145	7	B4	5	52	23	146	8	A8	75
139	2	146	8	A8	5	75	3	147	9	A4	78
140	2	147	9	A4	5	78	2	198	2	A5	80
141	2	148	1	A4	6	36	2	149	2	A5	38
142	2	149	2	A5	6	38	2	150	3	A6	40
143	2	150	3	A6	6	40	1	151	4	A3	41
144	2	151	4	A3	6	41	3	152	5	A7	44
145	2	152	5	A7	6	44	12	153	6	B3	56
146	2	153	6	B3	6	56	3	154	7	B4	59
147	2	154	7	B4	6	59	23	155	8	A8	82
148	2	155	8	A8	6	82	3	156	9	A4	85
149	2	156	9	A4	6	85	2	206	2	A5	87
150	2	157	1	A4	7	43	2	158	2	A5	45
151	2	158	2	A5	7	45	2	159	3	A6	47
152	2	159	3	A6	7	47	1	160	4	A3	48
153	2	160	4	A3	7	48	3	161	5	A7	51
154	2	161	5	A7	7	51	12	162	6	B3	63
155	2	162	6	B3	7	63	3	163	7	B4	66
156	2	163	7	B4	7	66	23	164	8	A8	89
157	2	164	8	A8	7	89	3	165	9	A4	92
158	2	165	9	A4	7	92	2	214	2	A5	94
159	2	166	2	A5	8	52	2	167	3	A6	54
160	2	167	3	A6	8	54	1	168	4	A3	55
161	2	168	4	A3	8	55	3	169	5	A7	58
162	2	169	5	A7	8	58	12	170	6	B3	70
163	2	170	6	B3	8	70	3	171	7	B4	73
164	2	171	7	B4	8	73	23	172	8	A8	96
165	2	172	8	A8	8	96	3	173	9	A4	99
166	2	173	9	A4	8	99	2	222	2	A5	101
167	2	174	2	A5	9	59	2	175	3	A6	61
168	2	175	3	A6	9	61	1	176	4	A3	62
169	2	176	4	A3	9	62	3	177	5	A7	65
170	2	177	5	A7	9	65	12	178	6	B3	77
171	2	178	6	B3	9	77	3	179	7	B4	80
172	2	179	7	B4	9	80	23	180	8	A8	103
173	2	180	8	A8	9	103	3	181	9	A4	106
174	2	181	9	A4	9	106	2	230	2	A5	108
175	2	182	2	A5	10	66	2	183	3	A6	68
176	2	183	3	A6	10	68	1	184	4	A3	69
177	2	184	4	A3	10	69	3	185	5	A7	72
178	2	185	5	A7	10	72	12	186	6	B3	84
179	2	186	6	B3	10	84	3	187	7	B4	87
180	2	187	7	B4	10	87	23	188	8	A8	110
181	2	188	8	A8	10	110	3	189	9	A4	113
182	2	189	9	A4	10	113	2	238	2	A5	115
183	2	190	2	A5	11	73	2	191	3	A6	75
184	2	191	3	A6	11	75	1	192	4	A3	76
185	2	192	4	A3	11	76	3	193	5	A7	79
186	2	193	5	A7	11	79	12	194	6	B3	91
187	2	194	6	B3	11	91	3	195	7	B4	94
188	2	195	7	B4	11	94	23	196	8	A8	117
189	2	196	8	A8	11	117	3	197	9	A4	120
190	2	197	9	A4	11	120	2	246	2	A5	122
191	2	198	2	A5	12	80	2	199	3	A6	82
192	2	199	3	A6	12	82	1	200	4	A3	83
193	2	200	4	A3	12	83	3	201	5	A7	86
194	2	201	5	A7	12	86	12	202	6	B3	98
195	2	202	6	B3	12	98	3	203	7	B4	101
196	2	203	7	B4	12	101	23	204	8	A8	124
197	2	204	8	A8	12	124	3	205	9	A4	127
198	2	205	9	A4	12	127	2	254	2	A5	129
199	2	206	2	A5	13	87	2	207	3	A6	89
200	2	207	3	A6	13	89	1	208	4	A3	90
201	2	208	4	A3	13	90	3	209	5	A7	93
202	2	209	5	A7	13	93	12	210	6	B3	105
203	2	210	6	B3	13	105	3	211	7	B4	108
204	2	211	7	B4	13	108	23	212	8	A8	131
205	2	212	8	A8	13	131	3	213	9	A4	134
206	2	214	2	A5	14	94	2	215	3	A6	96
207	2	215	3	A6	14	96	1	216	4	A3	97
208	2	216	4	A3	14	97	3	217	5	A7	100
209	2	217	5	A7	14	100	12	218	6	B3	112
210	2	218	6	B3	14	112	3	219	7	B4	115
211	2	219	7	B4	14	115	23	220	8	A8	138
212	2	220	8	A8	14	138	3	221	9	A4	141
213	2	222	2	A5	15	101	2	223	3	A6	103
214	2	223	3	A6	15	103	1	224	4	A3	104
215	2	224	4	A3	15	104	3	225	5	A7	107
216	2	225	5	A7	15	107	12	226	6	B3	119
217	2	226	6	B3	15	119	3	227	7	B4	122
218	2	227	7	B4	15	122	23	228	8	A8	145
219	2	228	8	A8	15	145	3	229	9	A4	148
220	2	230	2	A5	16	108	2	231	3	A6	110
221	2	231	3	A6	16	110	1	232	4	A3	111
222	2	232	4	A3	16	111	3	233	5	A7	114
223	2	233	5	A7	16	114	12	234	6	B3	126
224	2	234	6	B3	16	126	3	235	7	B4	129
225	2	235	7	B4	16	129	23	236	8	A8	152
226	2	236	8	A8	16	152	3	237	9	A4	155
227	2	238	2	A5	17	115	2	239	3	A6	117
228	2	239	3	A6	17	117	1	240	4	A3	118
229	2	240	4	A3	17	118	3	241	5	A7	121
230	2	241	5	A7	17	121	12	242	6	B3	133
231	2	242	6	B3	17	133	3	243	7	B4	136
232	2	243	7	B4	17	136	23	244	8	A8	159
233	2	244	8	A8	17	159	3	245	9	A4	162
234	2	246	2	A5	18	122	2	247	3	A6	124
235	2	247	3	A6	18	124	1	248	4	A3	125
236	2	248	4	A3	18	125	3	249	5	A7	128
237	2	249	5	A7	18	128	12	250	6	B3	140
238	2	250	6	B3	18	140	3	251	7	B4	143
239	2	251	7	B4	18	143	23	252	8	A8	166
240	2	252	8	A8	18	166	3	253	9	A4	169
241	2	254	2	A5	19	129	2	255	3	A6	131
242	2	255	3	A6	19	131	1	256	4	A3	132
243	2	256	4	A3	19	132	3	257	5	A7	135
244	2	257	5	A7	19	135	12	258	6	B3	147
245	2	258	6	B3	19	147	3	259	7	B4	150
246	2	259	7	B4	19	150	23	260	8	A8	173
247	2	260	8	A8	19	173	3	261	9	A4	176
248	3	262	1	A9	1	3	1	263	2	A4	4
249	3	263	2	A4	1	4	2	264	3	A10	6
250	3	264	3	A10	1	6	16	265	4	B4	22
251	3	265	4	B4	1	22	4	266	5	B3	26
252	3	266	5	B3	1	26	17	267	6	A10	43
253	3	267	6	A10	1	43	2	268	7	A9	45
254	3	268	7	A9	1	45	1	304	2	A4	46
255	3	269	1	A9	2	10	1	270	2	A4	11
256	3	270	2	A4	2	11	2	271	3	A10	13
257	3	271	3	A10	2	13	16	272	4	B4	29
258	3	272	4	B4	2	29	4	273	5	B3	33
259	3	273	5	B3	2	33	17	274	6	A10	50
260	3	274	6	A10	2	50	2	275	7	A9	52
261	3	275	7	A9	2	52	1	310	2	A4	53
262	3	276	1	A9	3	17	1	277	2	A4	18
263	3	277	2	A4	3	18	2	278	3	A10	20
264	3	278	3	A10	3	20	16	279	4	B4	36
265	3	279	4	B4	3	36	4	280	5	B3	40
266	3	280	5	B3	3	40	17	281	6	A10	57
267	3	281	6	A10	3	57	2	282	7	A9	59
268	3	282	7	A9	3	59	1	316	2	A4	60
269	3	283	1	A9	4	24	1	284	2	A4	25
270	3	284	2	A4	4	25	2	285	3	A10	27
271	3	285	3	A10	4	27	16	286	4	B4	43
272	3	286	4	B4	4	43	4	287	5	B3	47
273	3	287	5	B3	4	47	17	288	6	A10	64
274	3	288	6	A10	4	64	2	289	7	A9	66
275	3	289	7	A9	4	66	1	322	2	A4	67
276	3	290	1	A9	5	31	1	291	2	A4	32
277	3	291	2	A4	5	32	2	292	3	A10	34
278	3	292	3	A10	5	34	16	293	4	B4	50
279	3	293	4	B4	5	50	4	294	5	B3	54
280	3	294	5	B3	5	54	17	295	6	A10	71
281	3	295	6	A10	5	71	2	296	7	A9	73
282	3	296	7	A9	5	73	1	328	2	A4	74
283	3	297	1	A9	6	38	1	298	2	A4	39
284	3	298	2	A4	6	39	2	299	3	A10	41
285	3	299	3	A10	6	41	16	300	4	B4	57
286	3	300	4	B4	6	57	4	301	5	B3	61
287	3	301	5	B3	6	61	17	302	6	A10	78
288	3	302	6	A10	6	78	2	303	7	A9	80
289	3	303	7	A9	6	80	1	334	2	A4	81
290	3	304	2	A4	7	46	2	305	3	A10	48
291	3	305	3	A10	7	48	16	306	4	B4	64
292	3	306	4	B4	7	64	4	307	5	B3	68
293	3	307	5	B3	7	68	17	308	6	A10	85
294	3	308	6	A10	7	85	2	309	7	A9	87
295	3	309	7	A9	7	87	1	340	2	A4	88
296	3	310	2	A4	8	53	2	311	3	A10	55
297	3	311	3	A10	8	55	16	312	4	B4	71
298	3	312	4	B4	8	71	4	313	5	B3	75
299	3	313	5	B3	8	75	17	314	6	A10	92
300	3	314	6	A10	8	92	2	315	7	A9	94
301	3	315	7	A9	8	94	1	346	2	A4	95
302	3	316	2	A4	9	60	2	317	3	A10	62
303	3	317	3	A10	9	62	16	318	4	B4	78
304	3	318	4	B4	9	78	4	319	5	B3	82
305	3	319	5	B3	9	82	17	320	6	A10	99
306	3	320	6	A10	9	99	2	321	7	A9	101
307	3	321	7	A9	9	101	1	352	2	A4	102
308	3	322	2	A4	10	67	2	323	3	A10	69
309	3	323	3	A10	10	69	16	324	4	B4	85
310	3	324	4	B4	10	85	4	325	5	B3	89
311	3	325	5	B3	10	89	17	326	6	A10	106
312	3	326	6	A10	10	106	2	327	7	A9	108
313	3	327	7	A9	10	108	1	358	2	A4	109
314	3	328	2	A4	11	74	2	329	3	A10	76
315	3	329	3	A10	11	76	16	330	4	B4	92
316	3	330	4	B4	11	92	4	331	5	B3	96
317	3	331	5	B3	11	96	17	332	6	A10	113
318	3	332	6	A10	11	113	2	333	7	A9	115
319	3	333	7	A9	11	115	1	364	2	A4	116
320	3	334	2	A4	12	81	2	335	3	A10	83
321	3	335	3	A10	12	83	16	336	4	B4	99
322	3	336	4	B4	12	99	4	337	5	B3	103
323	3	337	5	B3	12	103	17	338	6	A10	120
324	3	338	6	A10	12	120	2	339	7	A9	122
325	3	339	7	A9	12	122	1	370	2	A4	123
326	3	340	2	A4	13	88	2	341	3	A10	90
327	3	341	3	A10	13	90	16	342	4	B4	106
328	3	342	4	B4	13	106	4	343	5	B3	110
329	3	343	5	B3	13	110	17	344	6	A10	127
330	3	344	6	A10	13	127	2	345	7	A9	129
331	3	345	7	A9	13	129	1	376	2	A4	130
332	3	346	2	A4	14	95	2	347	3	A10	97
333	3	347	3	A10	14	97	16	348	4	B4	113
334	3	348	4	B4	14	113	4	349	5	B3	117
335	3	349	5	B3	14	117	17	350	6	A10	134
336	3	350	6	A10	14	134	2	351	7	A9	136
337	3	351	7	A9	14	136	1	382	2	A4	137
338	3	352	2	A4	15	102	2	353	3	A10	104
339	3	353	3	A10	15	104	16	354	4	B4	120
340	3	354	4	B4	15	120	4	355	5	B3	124
341	3	355	5	B3	15	124	17	356	6	A10	141
342	3	356	6	A10	15	141	2	357	7	A9	143
343	3	358	2	A4	16	109	2	359	3	A10	111
344	3	359	3	A10	16	111	16	360	4	B4	127
345	3	360	4	B4	16	127	4	361	5	B3	131
346	3	361	5	B3	16	131	17	362	6	A10	148
347	3	362	6	A10	16	148	2	363	7	A9	150
348	3	364	2	A4	17	116	2	365	3	A10	118
349	3	365	3	A10	17	118	16	366	4	B4	134
350	3	366	4	B4	17	134	4	367	5	B3	138
351	3	367	5	B3	17	138	17	368	6	A10	155
352	3	368	6	A10	17	155	2	369	7	A9	157
353	3	370	2	A4	18	123	2	371	3	A10	125
354	3	371	3	A10	18	125	16	372	4	B4	141
355	3	372	4	B4	18	141	4	373	5	B3	145
356	3	373	5	B3	18	145	17	374	6	A10	162
357	3	374	6	A10	18	162	2	375	7	A9	164
358	3	376	2	A4	19	130	2	377	3	A10	132
359	3	377	3	A10	19	132	16	378	4	B4	148
360	3	378	4	B4	19	148	4	379	5	B3	152
361	3	379	5	B3	19	152	17	380	6	A10	169
362	3	380	6	A10	19	169	2	381	7	A9	171
363	3	382	2	A4	20	137	2	383	3	A10	139
364	3	383	3	A10	20	139	16	384	4	B4	155
365	3	384	4	B4	20	155	4	385	5	B3	159
366	3	385	5	B3	20	159	17	386	6	A10	176
367	3	386	6	A10	20	176	2	387	7	A9	178
368	4	388	1	A4	1	5	2	389	2	A6	7
369	4	389	2	A6	1	7	3	390	3	A3	10
370	4	390	3	A3	1	10	13	391	4	B5	23
371	4	391	4	B5	1	23	5	392	5	B6	28
372	4	392	5	B6	1	28	13	393	6	B7	41
373	4	393	6	B7	1	41	9	394	7	A7	50
374	4	394	7	A7	1	50	4	395	8	A4	54
375	4	395	8	A4	1	54	2	444	2	A6	56
376	4	396	1	A4	2	12	2	397	2	A6	14
377	4	397	2	A6	2	14	3	398	3	A3	17
378	4	398	3	A3	2	17	13	399	4	B5	30
379	4	399	4	B5	2	30	5	400	5	B6	35
380	4	400	5	B6	2	35	13	401	6	B7	48
381	4	401	6	B7	2	48	9	402	7	A7	57
382	4	402	7	A7	2	57	4	403	8	A4	61
383	4	403	8	A4	2	61	2	451	2	A6	63
384	4	404	1	A4	3	19	2	405	2	A6	21
385	4	405	2	A6	3	21	3	406	3	A3	24
386	4	406	3	A3	3	24	13	407	4	B5	37
387	4	407	4	B5	3	37	5	408	5	B6	42
388	4	408	5	B6	3	42	13	409	6	B7	55
389	4	409	6	B7	3	55	9	410	7	A7	64
390	4	410	7	A7	3	64	4	411	8	A4	68
391	4	411	8	A4	3	68	2	458	2	A6	70
392	4	412	1	A4	4	26	2	413	2	A6	28
393	4	413	2	A6	4	28	3	414	3	A3	31
394	4	414	3	A3	4	31	13	415	4	B5	44
395	4	415	4	B5	4	44	5	416	5	B6	49
396	4	416	5	B6	4	49	13	417	6	B7	62
397	4	417	6	B7	4	62	9	418	7	A7	71
398	4	418	7	A7	4	71	4	419	8	A4	75
399	4	419	8	A4	4	75	2	465	2	A6	77
400	4	420	1	A4	5	33	2	421	2	A6	35
401	4	421	2	A6	5	35	3	422	3	A3	38
402	4	422	3	A3	5	38	13	423	4	B5	51
403	4	423	4	B5	5	51	5	424	5	B6	56
404	4	424	5	B6	5	56	13	425	6	B7	69
405	4	425	6	B7	5	69	9	426	7	A7	78
406	4	426	7	A7	5	78	4	427	8	A4	82
407	4	427	8	A4	5	82	2	472	2	A6	84
408	4	428	1	A4	6	40	2	429	2	A6	42
409	4	429	2	A6	6	42	3	430	3	A3	45
410	4	430	3	A3	6	45	13	431	4	B5	58
411	4	431	4	B5	6	58	5	432	5	B6	63
412	4	432	5	B6	6	63	13	433	6	B7	76
413	4	433	6	B7	6	76	9	434	7	A7	85
414	4	434	7	A7	6	85	4	435	8	A4	89
415	4	435	8	A4	6	89	2	479	2	A6	91
416	4	436	1	A4	7	47	2	437	2	A6	49
417	4	437	2	A6	7	49	3	438	3	A3	52
418	4	438	3	A3	7	52	13	439	4	B5	65
419	4	439	4	B5	7	65	5	440	5	B6	70
420	4	440	5	B6	7	70	13	441	6	B7	83
421	4	441	6	B7	7	83	9	442	7	A7	92
422	4	442	7	A7	7	92	4	443	8	A4	96
423	4	443	8	A4	7	96	2	486	2	A6	98
424	4	444	2	A6	8	56	3	445	3	A3	59
425	4	445	3	A3	8	59	13	446	4	B5	72
426	4	446	4	B5	8	72	5	447	5	B6	77
427	4	447	5	B6	8	77	13	448	6	B7	90
428	4	448	6	B7	8	90	9	449	7	A7	99
429	4	449	7	A7	8	99	4	450	8	A4	103
430	4	450	8	A4	8	103	2	493	2	A6	105
431	4	451	2	A6	9	63	3	452	3	A3	66
432	4	452	3	A3	9	66	13	453	4	B5	79
433	4	453	4	B5	9	79	5	454	5	B6	84
434	4	454	5	B6	9	84	13	455	6	B7	97
435	4	455	6	B7	9	97	9	456	7	A7	106
436	4	456	7	A7	9	106	4	457	8	A4	110
437	4	457	8	A4	9	110	2	500	2	A6	112
438	4	458	2	A6	10	70	3	459	3	A3	73
439	4	459	3	A3	10	73	13	460	4	B5	86
440	4	460	4	B5	10	86	5	461	5	B6	91
441	4	461	5	B6	10	91	13	462	6	B7	104
442	4	462	6	B7	10	104	9	463	7	A7	113
443	4	463	7	A7	10	113	4	464	8	A4	117
444	4	464	8	A4	10	117	2	507	2	A6	119
445	4	465	2	A6	11	77	3	466	3	A3	80
446	4	466	3	A3	11	80	13	467	4	B5	93
447	4	467	4	B5	11	93	5	468	5	B6	98
448	4	468	5	B6	11	98	13	469	6	B7	111
449	4	469	6	B7	11	111	9	470	7	A7	120
450	4	470	7	A7	11	120	4	471	8	A4	124
451	4	471	8	A4	11	124	2	514	2	A6	126
452	4	472	2	A6	12	84	3	473	3	A3	87
453	4	473	3	A3	12	87	13	474	4	B5	100
454	4	474	4	B5	12	100	5	475	5	B6	105
455	4	475	5	B6	12	105	13	476	6	B7	118
456	4	476	6	B7	12	118	9	477	7	A7	127
457	4	477	7	A7	12	127	4	478	8	A4	131
458	4	478	8	A4	12	131	2	521	2	A6	133
459	4	479	2	A6	13	91	3	480	3	A3	94
460	4	480	3	A3	13	94	13	481	4	B5	107
461	4	481	4	B5	13	107	5	482	5	B6	112
462	4	482	5	B6	13	112	13	483	6	B7	125
463	4	483	6	B7	13	125	9	484	7	A7	134
464	4	484	7	A7	13	134	4	485	8	A4	138
465	4	486	2	A6	14	98	3	487	3	A3	101
466	4	487	3	A3	14	101	13	488	4	B5	114
467	4	488	4	B5	14	114	5	489	5	B6	119
468	4	489	5	B6	14	119	13	490	6	B7	132
469	4	490	6	B7	14	132	9	491	7	A7	141
470	4	491	7	A7	14	141	4	492	8	A4	145
471	4	493	2	A6	15	105	3	494	3	A3	108
472	4	494	3	A3	15	108	13	495	4	B5	121
473	4	495	4	B5	15	121	5	496	5	B6	126
474	4	496	5	B6	15	126	13	497	6	B7	139
475	4	497	6	B7	15	139	9	498	7	A7	148
476	4	498	7	A7	15	148	4	499	8	A4	152
477	4	500	2	A6	16	112	3	501	3	A3	115
478	4	501	3	A3	16	115	13	502	4	B5	128
479	4	502	4	B5	16	128	5	503	5	B6	133
480	4	503	5	B6	16	133	13	504	6	B7	146
481	4	504	6	B7	16	146	9	505	7	A7	155
482	4	505	7	A7	16	155	4	506	8	A4	159
483	4	507	2	A6	17	119	3	508	3	A3	122
484	4	508	3	A3	17	122	13	509	4	B5	135
485	4	509	4	B5	17	135	5	510	5	B6	140
486	4	510	5	B6	17	140	13	511	6	B7	153
487	4	511	6	B7	17	153	9	512	7	A7	162
488	4	512	7	A7	17	162	4	513	8	A4	166
489	4	514	2	A6	18	126	3	515	3	A3	129
490	4	515	3	A3	18	129	13	516	4	B5	142
491	4	516	4	B5	18	142	5	517	5	B6	147
492	4	517	5	B6	18	147	13	518	6	B7	160
493	4	518	6	B7	18	160	9	519	7	A7	169
494	4	519	7	A7	18	169	4	520	8	A4	173
495	4	521	2	A6	19	133	3	522	3	A3	136
496	4	522	3	A3	19	136	13	523	4	B5	149
497	4	523	4	B5	19	149	5	524	5	B6	154
498	4	524	5	B6	19	154	13	525	6	B7	167
499	4	525	6	B7	19	167	9	526	7	A7	176
500	4	526	7	A7	19	176	4	527	8	A4	180
501	5	528	1	A11	1	2	1	529	2	A12	3
502	5	529	2	A12	1	3	2	530	3	A13	5
503	5	530	3	A13	1	5	12	531	4	B5	17
504	5	531	4	B5	1	17	6	532	5	B6	23
505	5	532	5	B6	1	23	13	533	6	A13	36
506	5	533	6	A13	1	36	1	534	7	A14	37
507	5	534	7	A14	1	37	1	535	8	A11	38
508	5	535	8	A11	1	38	2	536	9	A12	40
509	5	536	9	A12	1	40	4	537	10	A11	44
510	5	537	10	A11	1	44	1	588	2	A12	45
511	5	538	1	A11	2	9	1	539	2	A12	10
512	5	539	2	A12	2	10	2	540	3	A13	12
513	5	540	3	A13	2	12	12	541	4	B5	24
514	5	541	4	B5	2	24	6	542	5	B6	30
515	5	542	5	B6	2	30	13	543	6	A13	43
516	5	543	6	A13	2	43	1	544	7	A14	44
517	5	544	7	A14	2	44	1	545	8	A11	45
518	5	545	8	A11	2	45	2	546	9	A12	47
519	5	546	9	A12	2	47	4	547	10	A11	51
520	5	547	10	A11	2	51	1	597	2	A12	52
521	5	548	1	A11	3	16	1	549	2	A12	17
522	5	549	2	A12	3	17	2	550	3	A13	19
523	5	550	3	A13	3	19	12	551	4	B5	31
524	5	551	4	B5	3	31	6	552	5	B6	37
525	5	552	5	B6	3	37	13	553	6	A13	50
526	5	553	6	A13	3	50	1	554	7	A14	51
527	5	554	7	A14	3	51	1	555	8	A11	52
528	5	555	8	A11	3	52	2	556	9	A12	54
529	5	556	9	A12	3	54	4	557	10	A11	58
530	5	557	10	A11	3	58	1	606	2	A12	59
531	5	558	1	A11	4	23	1	559	2	A12	24
532	5	559	2	A12	4	24	2	560	3	A13	26
533	5	560	3	A13	4	26	12	561	4	B5	38
534	5	561	4	B5	4	38	6	562	5	B6	44
535	5	562	5	B6	4	44	13	563	6	A13	57
536	5	563	6	A13	4	57	1	564	7	A14	58
537	5	564	7	A14	4	58	1	565	8	A11	59
538	5	565	8	A11	4	59	2	566	9	A12	61
539	5	566	9	A12	4	61	4	567	10	A11	65
540	5	567	10	A11	4	65	1	615	2	A12	66
541	5	568	1	A11	5	30	1	569	2	A12	31
542	5	569	2	A12	5	31	2	570	3	A13	33
543	5	570	3	A13	5	33	12	571	4	B5	45
544	5	571	4	B5	5	45	6	572	5	B6	51
545	5	572	5	B6	5	51	13	573	6	A13	64
546	5	573	6	A13	5	64	1	574	7	A14	65
547	5	574	7	A14	5	65	1	575	8	A11	66
548	5	575	8	A11	5	66	2	576	9	A12	68
549	5	576	9	A12	5	68	4	577	10	A11	72
550	5	577	10	A11	5	72	1	624	2	A12	73
551	5	578	1	A11	6	37	1	579	2	A12	38
552	5	579	2	A12	6	38	2	580	3	A13	40
553	5	580	3	A13	6	40	12	581	4	B5	52
554	5	581	4	B5	6	52	6	582	5	B6	58
555	5	582	5	B6	6	58	13	583	6	A13	71
556	5	583	6	A13	6	71	1	584	7	A14	72
557	5	584	7	A14	6	72	1	585	8	A11	73
558	5	585	8	A11	6	73	2	586	9	A12	75
559	5	586	9	A12	6	75	4	587	10	A11	79
560	5	587	10	A11	6	79	1	633	2	A12	80
561	5	588	2	A12	7	45	2	589	3	A13	47
562	5	589	3	A13	7	47	12	590	4	B5	59
563	5	590	4	B5	7	59	6	591	5	B6	65
564	5	591	5	B6	7	65	13	592	6	A13	78
565	5	592	6	A13	7	78	1	593	7	A14	79
566	5	593	7	A14	7	79	1	594	8	A11	80
567	5	594	8	A11	7	80	2	595	9	A12	82
568	5	595	9	A12	7	82	4	596	10	A11	86
569	5	596	10	A11	7	86	1	642	2	A12	87
570	5	597	2	A12	8	52	2	598	3	A13	54
571	5	598	3	A13	8	54	12	599	4	B5	66
572	5	599	4	B5	8	66	6	600	5	B6	72
573	5	600	5	B6	8	72	13	601	6	A13	85
574	5	601	6	A13	8	85	1	602	7	A14	86
575	5	602	7	A14	8	86	1	603	8	A11	87
576	5	603	8	A11	8	87	2	604	9	A12	89
577	5	604	9	A12	8	89	4	605	10	A11	93
578	5	605	10	A11	8	93	1	651	2	A12	94
579	5	606	2	A12	9	59	2	607	3	A13	61
580	5	607	3	A13	9	61	12	608	4	B5	73
581	5	608	4	B5	9	73	6	609	5	B6	79
582	5	609	5	B6	9	79	13	610	6	A13	92
583	5	610	6	A13	9	92	1	611	7	A14	93
584	5	611	7	A14	9	93	1	612	8	A11	94
585	5	612	8	A11	9	94	2	613	9	A12	96
586	5	613	9	A12	9	96	4	614	10	A11	100
587	5	614	10	A11	9	100	1	660	2	A12	101
588	5	615	2	A12	10	66	2	616	3	A13	68
589	5	616	3	A13	10	68	12	617	4	B5	80
590	5	617	4	B5	10	80	6	618	5	B6	86
591	5	618	5	B6	10	86	13	619	6	A13	99
592	5	619	6	A13	10	99	1	620	7	A14	100
593	5	620	7	A14	10	100	1	621	8	A11	101
594	5	621	8	A11	10	101	2	622	9	A12	103
595	5	622	9	A12	10	103	4	623	10	A11	107
596	5	623	10	A11	10	107	1	669	2	A12	108
597	5	624	2	A12	11	73	2	625	3	A13	75
598	5	625	3	A13	11	75	12	626	4	B5	87
599	5	626	4	B5	11	87	6	627	5	B6	93
600	5	627	5	B6	11	93	13	628	6	A13	106
601	5	628	6	A13	11	106	1	629	7	A14	107
602	5	629	7	A14	11	107	1	630	8	A11	108
603	5	630	8	A11	11	108	2	631	9	A12	110
604	5	631	9	A12	11	110	4	632	10	A11	114
605	5	632	10	A11	11	114	1	678	2	A12	115
606	5	633	2	A12	12	80	2	634	3	A13	82
607	5	634	3	A13	12	82	12	635	4	B5	94
608	5	635	4	B5	12	94	6	636	5	B6	100
609	5	636	5	B6	12	100	13	637	6	A13	113
610	5	637	6	A13	12	113	1	638	7	A14	114
611	5	638	7	A14	12	114	1	639	8	A11	115
612	5	639	8	A11	12	115	2	640	9	A12	117
613	5	640	9	A12	12	117	4	641	10	A11	121
614	5	641	10	A11	12	121	1	687	2	A12	122
615	5	642	2	A12	13	87	2	643	3	A13	89
616	5	643	3	A13	13	89	12	644	4	B5	101
617	5	644	4	B5	13	101	6	645	5	B6	107
618	5	645	5	B6	13	107	13	646	6	A13	120
619	5	646	6	A13	13	120	1	647	7	A14	121
620	5	647	7	A14	13	121	1	648	8	A11	122
621	5	648	8	A11	13	122	2	649	9	A12	124
622	5	649	9	A12	13	124	4	650	10	A11	128
623	5	650	10	A11	13	128	1	696	2	A12	129
624	5	651	2	A12	14	94	2	652	3	A13	96
625	5	652	3	A13	14	96	12	653	4	B5	108
626	5	653	4	B5	14	108	6	654	5	B6	114
627	5	654	5	B6	14	114	13	655	6	A13	127
628	5	655	6	A13	14	127	1	656	7	A14	128
629	5	656	7	A14	14	128	1	657	8	A11	129
630	5	657	8	A11	14	129	2	658	9	A12	131
631	5	658	9	A12	14	131	4	659	10	A11	135
632	5	659	10	A11	14	135	1	705	2	A12	136
633	5	660	2	A12	15	101	2	661	3	A13	103
634	5	661	3	A13	15	103	12	662	4	B5	115
635	5	662	4	B5	15	115	6	663	5	B6	121
636	5	663	5	B6	15	121	13	664	6	A13	134
637	5	664	6	A13	15	134	1	665	7	A14	135
638	5	665	7	A14	15	135	1	666	8	A11	136
639	5	666	8	A11	15	136	2	667	9	A12	138
640	5	667	9	A12	15	138	4	668	10	A11	142
641	5	669	2	A12	16	108	2	670	3	A13	110
642	5	670	3	A13	16	110	12	671	4	B5	122
643	5	671	4	B5	16	122	6	672	5	B6	128
644	5	672	5	B6	16	128	13	673	6	A13	141
645	5	673	6	A13	16	141	1	674	7	A14	142
646	5	674	7	A14	16	142	1	675	8	A11	143
647	5	675	8	A11	16	143	2	676	9	A12	145
648	5	676	9	A12	16	145	4	677	10	A11	149
649	5	678	2	A12	17	115	2	679	3	A13	117
650	5	679	3	A13	17	117	12	680	4	B5	129
651	5	680	4	B5	17	129	6	681	5	B6	135
652	5	681	5	B6	17	135	13	682	6	A13	148
653	5	682	6	A13	17	148	1	683	7	A14	149
654	5	683	7	A14	17	149	1	684	8	A11	150
655	5	684	8	A11	17	150	2	685	9	A12	152
656	5	685	9	A12	17	152	4	686	10	A11	156
657	5	687	2	A12	18	122	2	688	3	A13	124
658	5	688	3	A13	18	124	12	689	4	B5	136
659	5	689	4	B5	18	136	6	690	5	B6	142
660	5	690	5	B6	18	142	13	691	6	A13	155
661	5	691	6	A13	18	155	1	692	7	A14	156
662	5	692	7	A14	18	156	1	693	8	A11	157
663	5	693	8	A11	18	157	2	694	9	A12	159
664	5	694	9	A12	18	159	4	695	10	A11	163
665	5	696	2	A12	19	129	2	697	3	A13	131
666	5	697	3	A13	19	131	12	698	4	B5	143
667	5	698	4	B5	19	143	6	699	5	B6	149
668	5	699	5	B6	19	149	13	700	6	A13	162
669	5	700	6	A13	19	162	1	701	7	A14	163
670	5	701	7	A14	19	163	1	702	8	A11	164
671	5	702	8	A11	19	164	2	703	9	A12	166
672	5	703	9	A12	19	166	4	704	10	A11	170
673	5	705	2	A12	20	136	2	706	3	A13	138
674	5	706	3	A13	20	138	12	707	4	B5	150
675	5	707	4	B5	20	150	6	708	5	B6	156
676	5	708	5	B6	20	156	13	709	6	A13	169
677	5	709	6	A13	20	169	1	710	7	A14	170
678	5	710	7	A14	20	170	1	711	8	A11	171
679	5	711	8	A11	20	171	2	712	9	A12	173
680	5	712	9	A12	20	173	4	713	10	A11	177
681	6	714	1	A15	1	2	1	715	2	A5	3
682	6	715	2	A5	1	3	2	716	3	A9	5
683	6	716	3	A9	1	5	1	717	4	A4	6
684	6	717	4	A4	1	6	15	718	5	B5	21
685	6	718	5	B5	1	21	5	719	6	B6	26
686	6	719	6	B6	1	26	18	720	7	A15	44
687	6	720	7	A15	1	44	1	756	2	A5	45
688	6	721	1	A15	2	9	1	722	2	A5	10
689	6	722	2	A5	2	10	2	723	3	A9	12
690	6	723	3	A9	2	12	1	724	4	A4	13
691	6	724	4	A4	2	13	15	725	5	B5	28
692	6	725	5	B5	2	28	5	726	6	B6	33
693	6	726	6	B6	2	33	18	727	7	A15	51
694	6	727	7	A15	2	51	1	762	2	A5	52
695	6	728	1	A15	3	16	1	729	2	A5	17
696	6	729	2	A5	3	17	2	730	3	A9	19
697	6	730	3	A9	3	19	1	731	4	A4	20
698	6	731	4	A4	3	20	15	732	5	B5	35
699	6	732	5	B5	3	35	5	733	6	B6	40
700	6	733	6	B6	3	40	18	734	7	A15	58
701	6	734	7	A15	3	58	1	768	2	A5	59
702	6	735	1	A15	4	23	1	736	2	A5	24
703	6	736	2	A5	4	24	2	737	3	A9	26
704	6	737	3	A9	4	26	1	738	4	A4	27
705	6	738	4	A4	4	27	15	739	5	B5	42
706	6	739	5	B5	4	42	5	740	6	B6	47
707	6	740	6	B6	4	47	18	741	7	A15	65
708	6	741	7	A15	4	65	1	774	2	A5	66
709	6	742	1	A15	5	30	1	743	2	A5	31
710	6	743	2	A5	5	31	2	744	3	A9	33
711	6	744	3	A9	5	33	1	745	4	A4	34
712	6	745	4	A4	5	34	15	746	5	B5	49
713	6	746	5	B5	5	49	5	747	6	B6	54
714	6	747	6	B6	5	54	18	748	7	A15	72
715	6	748	7	A15	5	72	1	780	2	A5	73
716	6	749	1	A15	6	37	1	750	2	A5	38
717	6	750	2	A5	6	38	2	751	3	A9	40
718	6	751	3	A9	6	40	1	752	4	A4	41
719	6	752	4	A4	6	41	15	753	5	B5	56
720	6	753	5	B5	6	56	5	754	6	B6	61
721	6	754	6	B6	6	61	18	755	7	A15	79
722	6	755	7	A15	6	79	1	786	2	A5	80
723	6	756	2	A5	7	45	2	757	3	A9	47
724	6	757	3	A9	7	47	1	758	4	A4	48
725	6	758	4	A4	7	48	15	759	5	B5	63
726	6	759	5	B5	7	63	5	760	6	B6	68
727	6	760	6	B6	7	68	18	761	7	A15	86
728	6	761	7	A15	7	86	1	792	2	A5	87
729	6	762	2	A5	8	52	2	763	3	A9	54
730	6	763	3	A9	8	54	1	764	4	A4	55
731	6	764	4	A4	8	55	15	765	5	B5	70
732	6	765	5	B5	8	70	5	766	6	B6	75
733	6	766	6	B6	8	75	18	767	7	A15	93
734	6	767	7	A15	8	93	1	798	2	A5	94
735	6	768	2	A5	9	59	2	769	3	A9	61
736	6	769	3	A9	9	61	1	770	4	A4	62
737	6	770	4	A4	9	62	15	771	5	B5	77
738	6	771	5	B5	9	77	5	772	6	B6	82
739	6	772	6	B6	9	82	18	773	7	A15	100
740	6	773	7	A15	9	100	1	804	2	A5	101
741	6	774	2	A5	10	66	2	775	3	A9	68
742	6	775	3	A9	10	68	1	776	4	A4	69
743	6	776	4	A4	10	69	15	777	5	B5	84
744	6	777	5	B5	10	84	5	778	6	B6	89
745	6	778	6	B6	10	89	18	779	7	A15	107
746	6	779	7	A15	10	107	1	810	2	A5	108
747	6	780	2	A5	11	73	2	781	3	A9	75
748	6	781	3	A9	11	75	1	782	4	A4	76
749	6	782	4	A4	11	76	15	783	5	B5	91
750	6	783	5	B5	11	91	5	784	6	B6	96
751	6	784	6	B6	11	96	18	785	7	A15	114
752	6	785	7	A15	11	114	1	816	2	A5	115
753	6	786	2	A5	12	80	2	787	3	A9	82
754	6	787	3	A9	12	82	1	788	4	A4	83
755	6	788	4	A4	12	83	15	789	5	B5	98
756	6	789	5	B5	12	98	5	790	6	B6	103
757	6	790	6	B6	12	103	18	791	7	A15	121
758	6	791	7	A15	12	121	1	822	2	A5	122
759	6	792	2	A5	13	87	2	793	3	A9	89
760	6	793	3	A9	13	89	1	794	4	A4	90
761	6	794	4	A4	13	90	15	795	5	B5	105
762	6	795	5	B5	13	105	5	796	6	B6	110
763	6	796	6	B6	13	110	18	797	7	A15	128
764	6	797	7	A15	13	128	1	828	2	A5	129
765	6	798	2	A5	14	94	2	799	3	A9	96
766	6	799	3	A9	14	96	1	800	4	A4	97
767	6	800	4	A4	14	97	15	801	5	B5	112
768	6	801	5	B5	14	112	5	802	6	B6	117
769	6	802	6	B6	14	117	18	803	7	A15	135
770	6	803	7	A15	14	135	1	834	2	A5	136
771	6	804	2	A5	15	101	2	805	3	A9	103
772	6	805	3	A9	15	103	1	806	4	A4	104
773	6	806	4	A4	15	104	15	807	5	B5	119
774	6	807	5	B5	15	119	5	808	6	B6	124
775	6	808	6	B6	15	124	18	809	7	A15	142
776	6	810	2	A5	16	108	2	811	3	A9	110
777	6	811	3	A9	16	110	1	812	4	A4	111
778	6	812	4	A4	16	111	15	813	5	B5	126
779	6	813	5	B5	16	126	5	814	6	B6	131
780	6	814	6	B6	16	131	18	815	7	A15	149
781	6	816	2	A5	17	115	2	817	3	A9	117
782	6	817	3	A9	17	117	1	818	4	A4	118
783	6	818	4	A4	17	118	15	819	5	B5	133
784	6	819	5	B5	17	133	5	820	6	B6	138
785	6	820	6	B6	17	138	18	821	7	A15	156
786	6	822	2	A5	18	122	2	823	3	A9	124
787	6	823	3	A9	18	124	1	824	4	A4	125
788	6	824	4	A4	18	125	15	825	5	B5	140
789	6	825	5	B5	18	140	5	826	6	B6	145
790	6	826	6	B6	18	145	18	827	7	A15	163
791	6	828	2	A5	19	129	2	829	3	A9	131
792	6	829	3	A9	19	131	1	830	4	A4	132
793	6	830	4	A4	19	132	15	831	5	B5	147
794	6	831	5	B5	19	147	5	832	6	B6	152
795	6	832	6	B6	19	152	18	833	7	A15	170
796	6	834	2	A5	20	136	2	835	3	A9	138
797	6	835	3	A9	20	138	1	836	4	A4	139
798	6	836	4	A4	20	139	15	837	5	B5	154
799	6	837	5	B5	20	154	5	838	6	B6	159
800	6	838	6	B6	20	159	18	839	7	A15	177
801	7	840	1	A2	1	3	3	841	2	A3	6
802	7	841	2	A3	1	6	2	842	3	A6	8
803	7	842	3	A6	1	8	14	843	4	B5	22
804	7	843	4	B5	1	22	6	844	5	B6	28
805	7	844	5	B6	1	28	15	845	6	A7	43
806	7	845	6	A7	1	43	2	846	7	A2	45
807	7	846	7	A2	1	45	3	882	2	A3	48
808	7	847	1	A2	2	10	3	848	2	A3	13
809	7	848	2	A3	2	13	2	849	3	A6	15
810	7	849	3	A6	2	15	14	850	4	B5	29
811	7	850	4	B5	2	29	6	851	5	B6	35
812	7	851	5	B6	2	35	15	852	6	A7	50
813	7	852	6	A7	2	50	2	853	7	A2	52
814	7	853	7	A2	2	52	3	888	2	A3	55
815	7	854	1	A2	3	17	3	855	2	A3	20
816	7	855	2	A3	3	20	2	856	3	A6	22
817	7	856	3	A6	3	22	14	857	4	B5	36
818	7	857	4	B5	3	36	6	858	5	B6	42
819	7	858	5	B6	3	42	15	859	6	A7	57
820	7	859	6	A7	3	57	2	860	7	A2	59
821	7	860	7	A2	3	59	3	894	2	A3	62
822	7	861	1	A2	4	24	3	862	2	A3	27
823	7	862	2	A3	4	27	2	863	3	A6	29
824	7	863	3	A6	4	29	14	864	4	B5	43
825	7	864	4	B5	4	43	6	865	5	B6	49
826	7	865	5	B6	4	49	15	866	6	A7	64
827	7	866	6	A7	4	64	2	867	7	A2	66
828	7	867	7	A2	4	66	3	900	2	A3	69
829	7	868	1	A2	5	31	3	869	2	A3	34
830	7	869	2	A3	5	34	2	870	3	A6	36
831	7	870	3	A6	5	36	14	871	4	B5	50
832	7	871	4	B5	5	50	6	872	5	B6	56
833	7	872	5	B6	5	56	15	873	6	A7	71
834	7	873	6	A7	5	71	2	874	7	A2	73
835	7	874	7	A2	5	73	3	906	2	A3	76
836	7	875	1	A2	6	38	3	876	2	A3	41
837	7	876	2	A3	6	41	2	877	3	A6	43
838	7	877	3	A6	6	43	14	878	4	B5	57
839	7	878	4	B5	6	57	6	879	5	B6	63
840	7	879	5	B6	6	63	15	880	6	A7	78
841	7	880	6	A7	6	78	2	881	7	A2	80
842	7	881	7	A2	6	80	3	912	2	A3	83
843	7	882	2	A3	7	48	2	883	3	A6	50
844	7	883	3	A6	7	50	14	884	4	B5	64
845	7	884	4	B5	7	64	6	885	5	B6	70
846	7	885	5	B6	7	70	15	886	6	A7	85
847	7	886	6	A7	7	85	2	887	7	A2	87
848	7	887	7	A2	7	87	3	918	2	A3	90
849	7	888	2	A3	8	55	2	889	3	A6	57
850	7	889	3	A6	8	57	14	890	4	B5	71
851	7	890	4	B5	8	71	6	891	5	B6	77
852	7	891	5	B6	8	77	15	892	6	A7	92
853	7	892	6	A7	8	92	2	893	7	A2	94
854	7	893	7	A2	8	94	3	924	2	A3	97
855	7	894	2	A3	9	62	2	895	3	A6	64
856	7	895	3	A6	9	64	14	896	4	B5	78
857	7	896	4	B5	9	78	6	897	5	B6	84
858	7	897	5	B6	9	84	15	898	6	A7	99
859	7	898	6	A7	9	99	2	899	7	A2	101
860	7	899	7	A2	9	101	3	930	2	A3	104
861	7	900	2	A3	10	69	2	901	3	A6	71
862	7	901	3	A6	10	71	14	902	4	B5	85
863	7	902	4	B5	10	85	6	903	5	B6	91
864	7	903	5	B6	10	91	15	904	6	A7	106
865	7	904	6	A7	10	106	2	905	7	A2	108
866	7	905	7	A2	10	108	3	936	2	A3	111
867	7	906	2	A3	11	76	2	907	3	A6	78
868	7	907	3	A6	11	78	14	908	4	B5	92
869	7	908	4	B5	11	92	6	909	5	B6	98
870	7	909	5	B6	11	98	15	910	6	A7	113
871	7	910	6	A7	11	113	2	911	7	A2	115
872	7	911	7	A2	11	115	3	942	2	A3	118
873	7	912	2	A3	12	83	2	913	3	A6	85
874	7	913	3	A6	12	85	14	914	4	B5	99
875	7	914	4	B5	12	99	6	915	5	B6	105
876	7	915	5	B6	12	105	15	916	6	A7	120
877	7	916	6	A7	12	120	2	917	7	A2	122
878	7	917	7	A2	12	122	3	948	2	A3	125
879	7	918	2	A3	13	90	2	919	3	A6	92
880	7	919	3	A6	13	92	14	920	4	B5	106
881	7	920	4	B5	13	106	6	921	5	B6	112
882	7	921	5	B6	13	112	15	922	6	A7	127
883	7	922	6	A7	13	127	2	923	7	A2	129
884	7	923	7	A2	13	129	3	954	2	A3	132
885	7	924	2	A3	14	97	2	925	3	A6	99
886	7	925	3	A6	14	99	14	926	4	B5	113
887	7	926	4	B5	14	113	6	927	5	B6	119
888	7	927	5	B6	14	119	15	928	6	A7	134
889	7	928	6	A7	14	134	2	929	7	A2	136
890	7	929	7	A2	14	136	3	960	2	A3	139
891	7	930	2	A3	15	104	2	931	3	A6	106
892	7	931	3	A6	15	106	14	932	4	B5	120
893	7	932	4	B5	15	120	6	933	5	B6	126
894	7	933	5	B6	15	126	15	934	6	A7	141
895	7	934	6	A7	15	141	2	935	7	A2	143
896	7	936	2	A3	16	111	2	937	3	A6	113
897	7	937	3	A6	16	113	14	938	4	B5	127
898	7	938	4	B5	16	127	6	939	5	B6	133
899	7	939	5	B6	16	133	15	940	6	A7	148
900	7	940	6	A7	16	148	2	941	7	A2	150
901	7	942	2	A3	17	118	2	943	3	A6	120
902	7	943	3	A6	17	120	14	944	4	B5	134
903	7	944	4	B5	17	134	6	945	5	B6	140
904	7	945	5	B6	17	140	15	946	6	A7	155
905	7	946	6	A7	17	155	2	947	7	A2	157
906	7	948	2	A3	18	125	2	949	3	A6	127
907	7	949	3	A6	18	127	14	950	4	B5	141
908	7	950	4	B5	18	141	6	951	5	B6	147
909	7	951	5	B6	18	147	15	952	6	A7	162
910	7	952	6	A7	18	162	2	953	7	A2	164
911	7	954	2	A3	19	132	2	955	3	A6	134
912	7	955	3	A6	19	134	14	956	4	B5	148
913	7	956	4	B5	19	148	6	957	5	B6	154
914	7	957	5	B6	19	154	15	958	6	A7	169
915	7	958	6	A7	19	169	2	959	7	A2	171
916	7	960	2	A3	20	139	2	961	3	A6	141
917	7	961	3	A6	20	141	14	962	4	B5	155
918	7	962	4	B5	20	155	6	963	5	B6	161
919	7	963	5	B6	20	161	15	964	6	A7	176
920	7	964	6	A7	20	176	2	965	7	A2	178
921	8	966	1	A6	1	5	1	967	2	A3	6
922	8	967	2	A3	1	6	4	968	3	A7	10
923	8	968	3	A7	1	10	12	969	4	B1	22
924	8	969	4	B1	1	22	21	970	5	A7	43
925	8	970	5	A7	1	43	4	971	6	A6	47
926	8	971	6	A6	1	47	1	1002	2	A3	48
927	8	972	1	A6	2	12	1	973	2	A3	13
928	8	973	2	A3	2	13	4	974	3	A7	17
929	8	974	3	A7	2	17	12	975	4	B1	29
930	8	975	4	B1	2	29	21	976	5	A7	50
931	8	976	5	A7	2	50	4	977	6	A6	54
932	8	977	6	A6	2	54	1	1007	2	A3	55
933	8	978	1	A6	3	19	1	979	2	A3	20
934	8	979	2	A3	3	20	4	980	3	A7	24
935	8	980	3	A7	3	24	12	981	4	B1	36
936	8	981	4	B1	3	36	21	982	5	A7	57
937	8	982	5	A7	3	57	4	983	6	A6	61
938	8	983	6	A6	3	61	1	1012	2	A3	62
939	8	984	1	A6	4	26	1	985	2	A3	27
940	8	985	2	A3	4	27	4	986	3	A7	31
941	8	986	3	A7	4	31	12	987	4	B1	43
942	8	987	4	B1	4	43	21	988	5	A7	64
943	8	988	5	A7	4	64	4	989	6	A6	68
944	8	989	6	A6	4	68	1	1017	2	A3	69
945	8	990	1	A6	5	33	1	991	2	A3	34
946	8	991	2	A3	5	34	4	992	3	A7	38
947	8	992	3	A7	5	38	12	993	4	B1	50
948	8	993	4	B1	5	50	21	994	5	A7	71
949	8	994	5	A7	5	71	4	995	6	A6	75
950	8	995	6	A6	5	75	1	1022	2	A3	76
951	8	996	1	A6	6	40	1	997	2	A3	41
952	8	997	2	A3	6	41	4	998	3	A7	45
953	8	998	3	A7	6	45	12	999	4	B1	57
954	8	999	4	B1	6	57	21	1000	5	A7	78
955	8	1000	5	A7	6	78	4	1001	6	A6	82
956	8	1001	6	A6	6	82	1	1027	2	A3	83
957	8	1002	2	A3	7	48	4	1003	3	A7	52
958	8	1003	3	A7	7	52	12	1004	4	B1	64
959	8	1004	4	B1	7	64	21	1005	5	A7	85
960	8	1005	5	A7	7	85	4	1006	6	A6	89
961	8	1006	6	A6	7	89	1	1032	2	A3	90
962	8	1007	2	A3	8	55	4	1008	3	A7	59
963	8	1008	3	A7	8	59	12	1009	4	B1	71
964	8	1009	4	B1	8	71	21	1010	5	A7	92
965	8	1010	5	A7	8	92	4	1011	6	A6	96
966	8	1011	6	A6	8	96	1	1037	2	A3	97
967	8	1012	2	A3	9	62	4	1013	3	A7	66
968	8	1013	3	A7	9	66	12	1014	4	B1	78
969	8	1014	4	B1	9	78	21	1015	5	A7	99
970	8	1015	5	A7	9	99	4	1016	6	A6	103
971	8	1016	6	A6	9	103	1	1042	2	A3	104
972	8	1017	2	A3	10	69	4	1018	3	A7	73
973	8	1018	3	A7	10	73	12	1019	4	B1	85
974	8	1019	4	B1	10	85	21	1020	5	A7	106
975	8	1020	5	A7	10	106	4	1021	6	A6	110
976	8	1021	6	A6	10	110	1	1047	2	A3	111
977	8	1022	2	A3	11	76	4	1023	3	A7	80
978	8	1023	3	A7	11	80	12	1024	4	B1	92
979	8	1024	4	B1	11	92	21	1025	5	A7	113
980	8	1025	5	A7	11	113	4	1026	6	A6	117
981	8	1026	6	A6	11	117	1	1052	2	A3	118
982	8	1027	2	A3	12	83	4	1028	3	A7	87
983	8	1028	3	A7	12	87	12	1029	4	B1	99
984	8	1029	4	B1	12	99	21	1030	5	A7	120
985	8	1030	5	A7	12	120	4	1031	6	A6	124
986	8	1031	6	A6	12	124	1	1057	2	A3	125
987	8	1032	2	A3	13	90	4	1033	3	A7	94
988	8	1033	3	A7	13	94	12	1034	4	B1	106
989	8	1034	4	B1	13	106	21	1035	5	A7	127
990	8	1035	5	A7	13	127	4	1036	6	A6	131
991	8	1036	6	A6	13	131	1	1062	2	A3	132
992	8	1037	2	A3	14	97	4	1038	3	A7	101
993	8	1038	3	A7	14	101	12	1039	4	B1	113
994	8	1039	4	B1	14	113	21	1040	5	A7	134
995	8	1040	5	A7	14	134	4	1041	6	A6	138
996	8	1041	6	A6	14	138	1	1067	2	A3	139
997	8	1042	2	A3	15	104	4	1043	3	A7	108
998	8	1043	3	A7	15	108	12	1044	4	B1	120
999	8	1044	4	B1	15	120	21	1045	5	A7	141
1000	8	1045	5	A7	15	141	4	1046	6	A6	145
1001	8	1047	2	A3	16	111	4	1048	3	A7	115
1002	8	1048	3	A7	16	115	12	1049	4	B1	127
1003	8	1049	4	B1	16	127	21	1050	5	A7	148
1004	8	1050	5	A7	16	148	4	1051	6	A6	152
1005	8	1052	2	A3	17	118	4	1053	3	A7	122
1006	8	1053	3	A7	17	122	12	1054	4	B1	134
1007	8	1054	4	B1	17	134	21	1055	5	A7	155
1008	8	1055	5	A7	17	155	4	1056	6	A6	159
1009	8	1057	2	A3	18	125	4	1058	3	A7	129
1010	8	1058	3	A7	18	129	12	1059	4	B1	141
1011	8	1059	4	B1	18	141	21	1060	5	A7	162
1012	8	1060	5	A7	18	162	4	1061	6	A6	166
1013	8	1062	2	A3	19	132	4	1063	3	A7	136
1014	8	1063	3	A7	19	136	12	1064	4	B1	148
1015	8	1064	4	B1	19	148	21	1065	5	A7	169
1016	8	1065	5	A7	19	169	4	1066	6	A6	173
1017	8	1067	2	A3	20	139	4	1068	3	A7	143
1018	8	1068	3	A7	20	143	12	1069	4	B1	155
1019	8	1069	4	B1	20	155	21	1070	5	A7	176
1020	8	1070	5	A7	20	176	4	1071	6	A6	180
1021	9	1072	1	A3	1	6	1	1073	2	A6	7
1022	9	1073	2	A6	1	7	3	1074	3	A10	10
1023	9	1074	3	A10	1	10	2	1075	4	A4	12
1024	9	1075	4	A4	1	12	17	1076	5	B8	29
1025	9	1076	5	B8	1	29	7	1077	6	B4	36
1026	9	1077	6	B4	1	36	17	1078	7	A13	53
1027	9	1078	7	A13	1	53	2	1079	8	A17	55
1028	9	1079	8	A17	1	55	5	1080	9	A2	60
1029	9	1080	9	A2	1	60	2	1081	10	A3	62
1030	9	1081	10	A3	1	62	1	1152	2	A6	63
1031	9	1082	1	A3	2	13	1	1083	2	A6	14
1032	9	1083	2	A6	2	14	3	1084	3	A10	17
1033	9	1084	3	A10	2	17	2	1085	4	A4	19
1034	9	1085	4	A4	2	19	17	1086	5	B8	36
1035	9	1086	5	B8	2	36	7	1087	6	B4	43
1036	9	1087	6	B4	2	43	17	1088	7	A13	60
1037	9	1088	7	A13	2	60	2	1089	8	A17	62
1038	9	1089	8	A17	2	62	5	1090	9	A2	67
1039	9	1090	9	A2	2	67	2	1091	10	A3	69
1040	9	1091	10	A3	2	69	1	1161	2	A6	70
1041	9	1092	1	A3	3	20	1	1093	2	A6	21
1042	9	1093	2	A6	3	21	3	1094	3	A10	24
1043	9	1094	3	A10	3	24	2	1095	4	A4	26
1044	9	1095	4	A4	3	26	17	1096	5	B8	43
1045	9	1096	5	B8	3	43	7	1097	6	B4	50
1046	9	1097	6	B4	3	50	17	1098	7	A13	67
1047	9	1098	7	A13	3	67	2	1099	8	A17	69
1048	9	1099	8	A17	3	69	5	1100	9	A2	74
1049	9	1100	9	A2	3	74	2	1101	10	A3	76
1050	9	1101	10	A3	3	76	1	1170	2	A6	77
1051	9	1102	1	A3	4	27	1	1103	2	A6	28
1052	9	1103	2	A6	4	28	3	1104	3	A10	31
1053	9	1104	3	A10	4	31	2	1105	4	A4	33
1054	9	1105	4	A4	4	33	17	1106	5	B8	50
1055	9	1106	5	B8	4	50	7	1107	6	B4	57
1056	9	1107	6	B4	4	57	17	1108	7	A13	74
1057	9	1108	7	A13	4	74	2	1109	8	A17	76
1058	9	1109	8	A17	4	76	5	1110	9	A2	81
1059	9	1110	9	A2	4	81	2	1111	10	A3	83
1060	9	1111	10	A3	4	83	1	1179	2	A6	84
1061	9	1112	1	A3	5	34	1	1113	2	A6	35
1062	9	1113	2	A6	5	35	3	1114	3	A10	38
1063	9	1114	3	A10	5	38	2	1115	4	A4	40
1064	9	1115	4	A4	5	40	17	1116	5	B8	57
1065	9	1116	5	B8	5	57	7	1117	6	B4	64
1066	9	1117	6	B4	5	64	17	1118	7	A13	81
1067	9	1118	7	A13	5	81	2	1119	8	A17	83
1068	9	1119	8	A17	5	83	5	1120	9	A2	88
1069	9	1120	9	A2	5	88	2	1121	10	A3	90
1070	9	1121	10	A3	5	90	1	1188	2	A6	91
1071	9	1122	1	A3	6	41	1	1123	2	A6	42
1072	9	1123	2	A6	6	42	3	1124	3	A10	45
1073	9	1124	3	A10	6	45	2	1125	4	A4	47
1074	9	1125	4	A4	6	47	17	1126	5	B8	64
1075	9	1126	5	B8	6	64	7	1127	6	B4	71
1076	9	1127	6	B4	6	71	17	1128	7	A13	88
1077	9	1128	7	A13	6	88	2	1129	8	A17	90
1078	9	1129	8	A17	6	90	5	1130	9	A2	95
1079	9	1130	9	A2	6	95	2	1131	10	A3	97
1080	9	1131	10	A3	6	97	1	1197	2	A6	98
1081	9	1132	1	A3	7	48	1	1133	2	A6	49
1082	9	1133	2	A6	7	49	3	1134	3	A10	52
1083	9	1134	3	A10	7	52	2	1135	4	A4	54
1084	9	1135	4	A4	7	54	17	1136	5	B8	71
1085	9	1136	5	B8	7	71	7	1137	6	B4	78
1086	9	1137	6	B4	7	78	17	1138	7	A13	95
1087	9	1138	7	A13	7	95	2	1139	8	A17	97
1088	9	1139	8	A17	7	97	5	1140	9	A2	102
1089	9	1140	9	A2	7	102	2	1141	10	A3	104
1090	9	1141	10	A3	7	104	1	1206	2	A6	105
1091	9	1142	1	A3	8	55	1	1143	2	A6	56
1092	9	1143	2	A6	8	56	3	1144	3	A10	59
1093	9	1144	3	A10	8	59	2	1145	4	A4	61
1094	9	1145	4	A4	8	61	17	1146	5	B8	78
1095	9	1146	5	B8	8	78	7	1147	6	B4	85
1096	9	1147	6	B4	8	85	17	1148	7	A13	102
1097	9	1148	7	A13	8	102	2	1149	8	A17	104
1098	9	1149	8	A17	8	104	5	1150	9	A2	109
1099	9	1150	9	A2	8	109	2	1151	10	A3	111
1100	9	1151	10	A3	8	111	1	1215	2	A6	112
1101	9	1152	2	A6	9	63	3	1153	3	A10	66
1102	9	1153	3	A10	9	66	2	1154	4	A4	68
1103	9	1154	4	A4	9	68	17	1155	5	B8	85
1104	9	1155	5	B8	9	85	7	1156	6	B4	92
1105	9	1156	6	B4	9	92	17	1157	7	A13	109
1106	9	1157	7	A13	9	109	2	1158	8	A17	111
1107	9	1158	8	A17	9	111	5	1159	9	A2	116
1108	9	1159	9	A2	9	116	2	1160	10	A3	118
1109	9	1160	10	A3	9	118	1	1224	2	A6	119
1110	9	1161	2	A6	10	70	3	1162	3	A10	73
1111	9	1162	3	A10	10	73	2	1163	4	A4	75
1112	9	1163	4	A4	10	75	17	1164	5	B8	92
1113	9	1164	5	B8	10	92	7	1165	6	B4	99
1114	9	1165	6	B4	10	99	17	1166	7	A13	116
1115	9	1166	7	A13	10	116	2	1167	8	A17	118
1116	9	1167	8	A17	10	118	5	1168	9	A2	123
1117	9	1168	9	A2	10	123	2	1169	10	A3	125
1118	9	1170	2	A6	11	77	3	1171	3	A10	80
1119	9	1171	3	A10	11	80	2	1172	4	A4	82
1120	9	1172	4	A4	11	82	17	1173	5	B8	99
1121	9	1173	5	B8	11	99	7	1174	6	B4	106
1122	9	1174	6	B4	11	106	17	1175	7	A13	123
1123	9	1175	7	A13	11	123	2	1176	8	A17	125
1124	9	1176	8	A17	11	125	5	1177	9	A2	130
1125	9	1177	9	A2	11	130	2	1178	10	A3	132
1126	9	1179	2	A6	12	84	3	1180	3	A10	87
1127	9	1180	3	A10	12	87	2	1181	4	A4	89
1128	9	1181	4	A4	12	89	17	1182	5	B8	106
1129	9	1182	5	B8	12	106	7	1183	6	B4	113
1130	9	1183	6	B4	12	113	17	1184	7	A13	130
1131	9	1184	7	A13	12	130	2	1185	8	A17	132
1132	9	1185	8	A17	12	132	5	1186	9	A2	137
1133	9	1186	9	A2	12	137	2	1187	10	A3	139
1134	9	1188	2	A6	13	91	3	1189	3	A10	94
1135	9	1189	3	A10	13	94	2	1190	4	A4	96
1136	9	1190	4	A4	13	96	17	1191	5	B8	113
1137	9	1191	5	B8	13	113	7	1192	6	B4	120
1138	9	1192	6	B4	13	120	17	1193	7	A13	137
1139	9	1193	7	A13	13	137	2	1194	8	A17	139
1140	9	1194	8	A17	13	139	5	1195	9	A2	144
1141	9	1195	9	A2	13	144	2	1196	10	A3	146
1142	9	1197	2	A6	14	98	3	1198	3	A10	101
1143	9	1198	3	A10	14	101	2	1199	4	A4	103
1144	9	1199	4	A4	14	103	17	1200	5	B8	120
1145	9	1200	5	B8	14	120	7	1201	6	B4	127
1146	9	1201	6	B4	14	127	17	1202	7	A13	144
1147	9	1202	7	A13	14	144	2	1203	8	A17	146
1148	9	1203	8	A17	14	146	5	1204	9	A2	151
1149	9	1204	9	A2	14	151	2	1205	10	A3	153
1150	9	1206	2	A6	15	105	3	1207	3	A10	108
1151	9	1207	3	A10	15	108	2	1208	4	A4	110
1152	9	1208	4	A4	15	110	17	1209	5	B8	127
1153	9	1209	5	B8	15	127	7	1210	6	B4	134
1154	9	1210	6	B4	15	134	17	1211	7	A13	151
1155	9	1211	7	A13	15	151	2	1212	8	A17	153
1156	9	1212	8	A17	15	153	5	1213	9	A2	158
1157	9	1213	9	A2	15	158	2	1214	10	A3	160
1158	9	1215	2	A6	16	112	3	1216	3	A10	115
1159	9	1216	3	A10	16	115	2	1217	4	A4	117
1160	9	1217	4	A4	16	117	17	1218	5	B8	134
1161	9	1218	5	B8	16	134	7	1219	6	B4	141
1162	9	1219	6	B4	16	141	17	1220	7	A13	158
1163	9	1220	7	A13	16	158	2	1221	8	A17	160
1164	9	1221	8	A17	16	160	5	1222	9	A2	165
1165	9	1222	9	A2	16	165	2	1223	10	A3	167
1166	9	1224	2	A6	17	119	3	1225	3	A10	122
1167	9	1225	3	A10	17	122	2	1226	4	A4	124
1168	9	1226	4	A4	17	124	17	1227	5	B8	141
1169	9	1227	5	B8	17	141	7	1228	6	B4	148
1170	9	1228	6	B4	17	148	17	1229	7	A13	165
1171	9	1229	7	A13	17	165	2	1230	8	A17	167
1172	9	1230	8	A17	17	167	5	1231	9	A2	172
1173	9	1231	9	A2	17	172	2	1232	10	A3	174
1174	10	1233	1	A3	1	1	1	1234	2	A16	2
1175	10	1234	2	A16	1	2	2	1235	3	A18	4
1176	10	1235	3	A18	1	4	1	1236	4	A4	5
1177	10	1236	4	A4	1	5	3	1237	5	A5	8
1178	10	1237	5	A5	1	8	15	1238	6	B5	23
1179	10	1238	6	B5	1	23	10	1239	7	B3	33
1180	10	1239	7	B3	1	33	17	1240	8	A3	50
1181	10	1240	8	A3	1	50	1	1289	2	A16	51
1182	10	1241	1	A3	2	8	1	1242	2	A16	9
1183	10	1242	2	A16	2	9	2	1243	3	A18	11
1184	10	1243	3	A18	2	11	1	1244	4	A4	12
1185	10	1244	4	A4	2	12	3	1245	5	A5	15
1186	10	1245	5	A5	2	15	15	1246	6	B5	30
1187	10	1246	6	B5	2	30	10	1247	7	B3	40
1188	10	1247	7	B3	2	40	17	1248	8	A3	57
1189	10	1248	8	A3	2	57	1	1296	2	A16	58
1190	10	1249	1	A3	3	15	1	1250	2	A16	16
1191	10	1250	2	A16	3	16	2	1251	3	A18	18
1192	10	1251	3	A18	3	18	1	1252	4	A4	19
1193	10	1252	4	A4	3	19	3	1253	5	A5	22
1194	10	1253	5	A5	3	22	15	1254	6	B5	37
1195	10	1254	6	B5	3	37	10	1255	7	B3	47
1196	10	1255	7	B3	3	47	17	1256	8	A3	64
1197	10	1256	8	A3	3	64	1	1303	2	A16	65
1198	10	1257	1	A3	4	22	1	1258	2	A16	23
1199	10	1258	2	A16	4	23	2	1259	3	A18	25
1200	10	1259	3	A18	4	25	1	1260	4	A4	26
1201	10	1260	4	A4	4	26	3	1261	5	A5	29
1202	10	1261	5	A5	4	29	15	1262	6	B5	44
1203	10	1262	6	B5	4	44	10	1263	7	B3	54
1204	10	1263	7	B3	4	54	17	1264	8	A3	71
1205	10	1264	8	A3	4	71	1	1310	2	A16	72
1206	10	1265	1	A3	5	29	1	1266	2	A16	30
1207	10	1266	2	A16	5	30	2	1267	3	A18	32
1208	10	1267	3	A18	5	32	1	1268	4	A4	33
1209	10	1268	4	A4	5	33	3	1269	5	A5	36
1210	10	1269	5	A5	5	36	15	1270	6	B5	51
1211	10	1270	6	B5	5	51	10	1271	7	B3	61
1212	10	1271	7	B3	5	61	17	1272	8	A3	78
1213	10	1272	8	A3	5	78	1	1317	2	A16	79
1214	10	1273	1	A3	6	36	1	1274	2	A16	37
1215	10	1274	2	A16	6	37	2	1275	3	A18	39
1216	10	1275	3	A18	6	39	1	1276	4	A4	40
1217	10	1276	4	A4	6	40	3	1277	5	A5	43
1218	10	1277	5	A5	6	43	15	1278	6	B5	58
1219	10	1278	6	B5	6	58	10	1279	7	B3	68
1220	10	1279	7	B3	6	68	17	1280	8	A3	85
1221	10	1280	8	A3	6	85	1	1324	2	A16	86
1222	10	1281	1	A3	7	43	1	1282	2	A16	44
1223	10	1282	2	A16	7	44	2	1283	3	A18	46
1224	10	1283	3	A18	7	46	1	1284	4	A4	47
1225	10	1284	4	A4	7	47	3	1285	5	A5	50
1226	10	1285	5	A5	7	50	15	1286	6	B5	65
1227	10	1286	6	B5	7	65	10	1287	7	B3	75
1228	10	1287	7	B3	7	75	17	1288	8	A3	92
1229	10	1288	8	A3	7	92	1	1331	2	A16	93
1230	10	1289	2	A16	8	51	2	1290	3	A18	53
1231	10	1290	3	A18	8	53	1	1291	4	A4	54
1232	10	1291	4	A4	8	54	3	1292	5	A5	57
1233	10	1292	5	A5	8	57	15	1293	6	B5	72
1234	10	1293	6	B5	8	72	10	1294	7	B3	82
1235	10	1294	7	B3	8	82	17	1295	8	A3	99
1236	10	1295	8	A3	8	99	1	1338	2	A16	100
1237	10	1296	2	A16	9	58	2	1297	3	A18	60
1238	10	1297	3	A18	9	60	1	1298	4	A4	61
1239	10	1298	4	A4	9	61	3	1299	5	A5	64
1240	10	1299	5	A5	9	64	15	1300	6	B5	79
1241	10	1300	6	B5	9	79	10	1301	7	B3	89
1242	10	1301	7	B3	9	89	17	1302	8	A3	106
1243	10	1302	8	A3	9	106	1	1345	2	A16	107
1244	10	1303	2	A16	10	65	2	1304	3	A18	67
1245	10	1304	3	A18	10	67	1	1305	4	A4	68
1246	10	1305	4	A4	10	68	3	1306	5	A5	71
1247	10	1306	5	A5	10	71	15	1307	6	B5	86
1248	10	1307	6	B5	10	86	10	1308	7	B3	96
1249	10	1308	7	B3	10	96	17	1309	8	A3	113
1250	10	1309	8	A3	10	113	1	1352	2	A16	114
1251	10	1310	2	A16	11	72	2	1311	3	A18	74
1252	10	1311	3	A18	11	74	1	1312	4	A4	75
1253	10	1312	4	A4	11	75	3	1313	5	A5	78
1254	10	1313	5	A5	11	78	15	1314	6	B5	93
1255	10	1314	6	B5	11	93	10	1315	7	B3	103
1256	10	1315	7	B3	11	103	17	1316	8	A3	120
1257	10	1316	8	A3	11	120	1	1359	2	A16	121
1258	10	1317	2	A16	12	79	2	1318	3	A18	81
1259	10	1318	3	A18	12	81	1	1319	4	A4	82
1260	10	1319	4	A4	12	82	3	1320	5	A5	85
1261	10	1320	5	A5	12	85	15	1321	6	B5	100
1262	10	1321	6	B5	12	100	10	1322	7	B3	110
1263	10	1322	7	B3	12	110	17	1323	8	A3	127
1264	10	1323	8	A3	12	127	1	1366	2	A16	128
1265	10	1324	2	A16	13	86	2	1325	3	A18	88
1266	10	1325	3	A18	13	88	1	1326	4	A4	89
1267	10	1326	4	A4	13	89	3	1327	5	A5	92
1268	10	1327	5	A5	13	92	15	1328	6	B5	107
1269	10	1328	6	B5	13	107	10	1329	7	B3	117
1270	10	1329	7	B3	13	117	17	1330	8	A3	134
1271	10	1331	2	A16	14	93	2	1332	3	A18	95
1272	10	1332	3	A18	14	95	1	1333	4	A4	96
1273	10	1333	4	A4	14	96	3	1334	5	A5	99
1274	10	1334	5	A5	14	99	15	1335	6	B5	114
1275	10	1335	6	B5	14	114	10	1336	7	B3	124
1276	10	1336	7	B3	14	124	17	1337	8	A3	141
1277	10	1338	2	A16	15	100	2	1339	3	A18	102
1278	10	1339	3	A18	15	102	1	1340	4	A4	103
1279	10	1340	4	A4	15	103	3	1341	5	A5	106
1280	10	1341	5	A5	15	106	15	1342	6	B5	121
1281	10	1342	6	B5	15	121	10	1343	7	B3	131
1282	10	1343	7	B3	15	131	17	1344	8	A3	148
1283	10	1345	2	A16	16	107	2	1346	3	A18	109
1284	10	1346	3	A18	16	109	1	1347	4	A4	110
1285	10	1347	4	A4	16	110	3	1348	5	A5	113
1286	10	1348	5	A5	16	113	15	1349	6	B5	128
1287	10	1349	6	B5	16	128	10	1350	7	B3	138
1288	10	1350	7	B3	16	138	17	1351	8	A3	155
1289	10	1352	2	A16	17	114	2	1353	3	A18	116
1290	10	1353	3	A18	17	116	1	1354	4	A4	117
1291	10	1354	4	A4	17	117	3	1355	5	A5	120
1292	10	1355	5	A5	17	120	15	1356	6	B5	135
1293	10	1356	6	B5	17	135	10	1357	7	B3	145
1294	10	1357	7	B3	17	145	17	1358	8	A3	162
1295	10	1359	2	A16	18	121	2	1360	3	A18	123
1296	10	1360	3	A18	18	123	1	1361	4	A4	124
1297	10	1361	4	A4	18	124	3	1362	5	A5	127
1298	10	1362	5	A5	18	127	15	1363	6	B5	142
1299	10	1363	6	B5	18	142	10	1364	7	B3	152
1300	10	1364	7	B3	18	152	17	1365	8	A3	169
1301	10	1366	2	A16	19	128	2	1367	3	A18	130
1302	10	1367	3	A18	19	130	1	1368	4	A4	131
1303	10	1368	4	A4	19	131	3	1369	5	A5	134
1304	10	1369	5	A5	19	134	15	1370	6	B5	149
1305	10	1370	6	B5	19	149	10	1371	7	B3	159
1306	10	1371	7	B3	19	159	17	1372	8	A3	176
1307	11	1373	1	A19	1	3	4	1374	2	A18	7
1308	11	1374	2	A18	1	7	1	1375	3	A9	8
1309	11	1375	3	A9	1	8	1	1376	4	A4	9
1310	11	1376	4	A4	1	9	2	1377	5	A10	11
1311	11	1377	5	A10	1	11	13	1378	6	B1	24
1312	11	1378	6	B1	1	24	24	1379	7	A10	48
1313	11	1379	7	A10	1	48	4	1380	8	A19	52
1314	11	1380	8	A19	1	52	4	1429	2	A18	56
1315	11	1381	1	A19	2	10	4	1382	2	A18	14
1316	11	1382	2	A18	2	14	1	1383	3	A9	15
1317	11	1383	3	A9	2	15	1	1384	4	A4	16
1318	11	1384	4	A4	2	16	2	1385	5	A10	18
1319	11	1385	5	A10	2	18	13	1386	6	B1	31
1320	11	1386	6	B1	2	31	24	1387	7	A10	55
1321	11	1387	7	A10	2	55	4	1388	8	A19	59
1322	11	1388	8	A19	2	59	4	1436	2	A18	63
1323	11	1389	1	A19	3	17	4	1390	2	A18	21
1324	11	1390	2	A18	3	21	1	1391	3	A9	22
1325	11	1391	3	A9	3	22	1	1392	4	A4	23
1326	11	1392	4	A4	3	23	2	1393	5	A10	25
1327	11	1393	5	A10	3	25	13	1394	6	B1	38
1328	11	1394	6	B1	3	38	24	1395	7	A10	62
1329	11	1395	7	A10	3	62	4	1396	8	A19	66
1330	11	1396	8	A19	3	66	4	1443	2	A18	70
1331	11	1397	1	A19	4	24	4	1398	2	A18	28
1332	11	1398	2	A18	4	28	1	1399	3	A9	29
1333	11	1399	3	A9	4	29	1	1400	4	A4	30
1334	11	1400	4	A4	4	30	2	1401	5	A10	32
1335	11	1401	5	A10	4	32	13	1402	6	B1	45
1336	11	1402	6	B1	4	45	24	1403	7	A10	69
1337	11	1403	7	A10	4	69	4	1404	8	A19	73
1338	11	1404	8	A19	4	73	4	1450	2	A18	77
1339	11	1405	1	A19	5	31	4	1406	2	A18	35
1340	11	1406	2	A18	5	35	1	1407	3	A9	36
1341	11	1407	3	A9	5	36	1	1408	4	A4	37
1342	11	1408	4	A4	5	37	2	1409	5	A10	39
1343	11	1409	5	A10	5	39	13	1410	6	B1	52
1344	11	1410	6	B1	5	52	24	1411	7	A10	76
1345	11	1411	7	A10	5	76	4	1412	8	A19	80
1346	11	1412	8	A19	5	80	4	1457	2	A18	84
1347	11	1413	1	A19	6	38	4	1414	2	A18	42
1348	11	1414	2	A18	6	42	1	1415	3	A9	43
1349	11	1415	3	A9	6	43	1	1416	4	A4	44
1350	11	1416	4	A4	6	44	2	1417	5	A10	46
1351	11	1417	5	A10	6	46	13	1418	6	B1	59
1352	11	1418	6	B1	6	59	24	1419	7	A10	83
1353	11	1419	7	A10	6	83	4	1420	8	A19	87
1354	11	1420	8	A19	6	87	4	1464	2	A18	91
1355	11	1421	1	A19	7	45	4	1422	2	A18	49
1356	11	1422	2	A18	7	49	1	1423	3	A9	50
1357	11	1423	3	A9	7	50	1	1424	4	A4	51
1358	11	1424	4	A4	7	51	2	1425	5	A10	53
1359	11	1425	5	A10	7	53	13	1426	6	B1	66
1360	11	1426	6	B1	7	66	24	1427	7	A10	90
1361	11	1427	7	A10	7	90	4	1428	8	A19	94
1362	11	1428	8	A19	7	94	4	1471	2	A18	98
1363	11	1429	2	A18	8	56	1	1430	3	A9	57
1364	11	1430	3	A9	8	57	1	1431	4	A4	58
1365	11	1431	4	A4	8	58	2	1432	5	A10	60
1366	11	1432	5	A10	8	60	13	1433	6	B1	73
1367	11	1433	6	B1	8	73	24	1434	7	A10	97
1368	11	1434	7	A10	8	97	4	1435	8	A19	101
1369	11	1435	8	A19	8	101	4	1478	2	A18	105
1370	11	1436	2	A18	9	63	1	1437	3	A9	64
1371	11	1437	3	A9	9	64	1	1438	4	A4	65
1372	11	1438	4	A4	9	65	2	1439	5	A10	67
1373	11	1439	5	A10	9	67	13	1440	6	B1	80
1374	11	1440	6	B1	9	80	24	1441	7	A10	104
1375	11	1441	7	A10	9	104	4	1442	8	A19	108
1376	11	1442	8	A19	9	108	4	1485	2	A18	112
1377	11	1443	2	A18	10	70	1	1444	3	A9	71
1378	11	1444	3	A9	10	71	1	1445	4	A4	72
1379	11	1445	4	A4	10	72	2	1446	5	A10	74
1380	11	1446	5	A10	10	74	13	1447	6	B1	87
1381	11	1447	6	B1	10	87	24	1448	7	A10	111
1382	11	1448	7	A10	10	111	4	1449	8	A19	115
1383	11	1449	8	A19	10	115	4	1492	2	A18	119
1384	11	1450	2	A18	11	77	1	1451	3	A9	78
1385	11	1451	3	A9	11	78	1	1452	4	A4	79
1386	11	1452	4	A4	11	79	2	1453	5	A10	81
1387	11	1453	5	A10	11	81	13	1454	6	B1	94
1388	11	1454	6	B1	11	94	24	1455	7	A10	118
1389	11	1455	7	A10	11	118	4	1456	8	A19	122
1390	11	1456	8	A19	11	122	4	1499	2	A18	126
1391	11	1457	2	A18	12	84	1	1458	3	A9	85
1392	11	1458	3	A9	12	85	1	1459	4	A4	86
1393	11	1459	4	A4	12	86	2	1460	5	A10	88
1394	11	1460	5	A10	12	88	13	1461	6	B1	101
1395	11	1461	6	B1	12	101	24	1462	7	A10	125
1396	11	1462	7	A10	12	125	4	1463	8	A19	129
1397	11	1463	8	A19	12	129	4	1506	2	A18	133
1398	11	1464	2	A18	13	91	1	1465	3	A9	92
1399	11	1465	3	A9	13	92	1	1466	4	A4	93
1400	11	1466	4	A4	13	93	2	1467	5	A10	95
1401	11	1467	5	A10	13	95	13	1468	6	B1	108
1402	11	1468	6	B1	13	108	24	1469	7	A10	132
1403	11	1469	7	A10	13	132	4	1470	8	A19	136
1404	11	1471	2	A18	14	98	1	1472	3	A9	99
1405	11	1472	3	A9	14	99	1	1473	4	A4	100
1406	11	1473	4	A4	14	100	2	1474	5	A10	102
1407	11	1474	5	A10	14	102	13	1475	6	B1	115
1408	11	1475	6	B1	14	115	24	1476	7	A10	139
1409	11	1476	7	A10	14	139	4	1477	8	A19	143
1410	11	1478	2	A18	15	105	1	1479	3	A9	106
1411	11	1479	3	A9	15	106	1	1480	4	A4	107
1412	11	1480	4	A4	15	107	2	1481	5	A10	109
1413	11	1481	5	A10	15	109	13	1482	6	B1	122
1414	11	1482	6	B1	15	122	24	1483	7	A10	146
1415	11	1483	7	A10	15	146	4	1484	8	A19	150
1416	11	1485	2	A18	16	112	1	1486	3	A9	113
1417	11	1486	3	A9	16	113	1	1487	4	A4	114
1418	11	1487	4	A4	16	114	2	1488	5	A10	116
1419	11	1488	5	A10	16	116	13	1489	6	B1	129
1420	11	1489	6	B1	16	129	24	1490	7	A10	153
1421	11	1490	7	A10	16	153	4	1491	8	A19	157
1422	11	1492	2	A18	17	119	1	1493	3	A9	120
1423	11	1493	3	A9	17	120	1	1494	4	A4	121
1424	11	1494	4	A4	17	121	2	1495	5	A10	123
1425	11	1495	5	A10	17	123	13	1496	6	B1	136
1426	11	1496	6	B1	17	136	24	1497	7	A10	160
1427	11	1497	7	A10	17	160	4	1498	8	A19	164
1428	11	1499	2	A18	18	126	1	1500	3	A9	127
1429	11	1500	3	A9	18	127	1	1501	4	A4	128
1430	11	1501	4	A4	18	128	2	1502	5	A10	130
1431	11	1502	5	A10	18	130	13	1503	6	B1	143
1432	11	1503	6	B1	18	143	24	1504	7	A10	167
1433	11	1504	7	A10	18	167	4	1505	8	A19	171
1434	11	1506	2	A18	19	133	1	1507	3	A9	134
1435	11	1507	3	A9	19	134	1	1508	4	A4	135
1436	11	1508	4	A4	19	135	2	1509	5	A10	137
1437	11	1509	5	A10	19	137	13	1510	6	B1	150
1438	11	1510	6	B1	19	150	24	1511	7	A10	174
1439	11	1511	7	A10	19	174	4	1512	8	A19	178
1440	12	1513	1	A9	1	1	3	1514	2	A4	4
1441	12	1514	2	A4	1	4	3	1515	3	A6	7
1442	12	1515	3	A6	1	7	2	1516	4	A3	9
1443	12	1516	4	A3	1	9	11	1517	5	B2	20
1444	12	1517	5	B2	1	20	4	1518	6	B4	24
1445	12	1518	6	B4	1	24	19	1519	7	A9	43
1446	12	1519	7	A9	1	43	3	1555	2	A4	46
1447	12	1520	1	A9	2	8	3	1521	2	A4	11
1448	12	1521	2	A4	2	11	3	1522	3	A6	14
1449	12	1522	3	A6	2	14	2	1523	4	A3	16
1450	12	1523	4	A3	2	16	11	1524	5	B2	27
1451	12	1524	5	B2	2	27	4	1525	6	B4	31
1452	12	1525	6	B4	2	31	19	1526	7	A9	50
1453	12	1526	7	A9	2	50	3	1561	2	A4	53
1454	12	1527	1	A9	3	15	3	1528	2	A4	18
1455	12	1528	2	A4	3	18	3	1529	3	A6	21
1456	12	1529	3	A6	3	21	2	1530	4	A3	23
1457	12	1530	4	A3	3	23	11	1531	5	B2	34
1458	12	1531	5	B2	3	34	4	1532	6	B4	38
1459	12	1532	6	B4	3	38	19	1533	7	A9	57
1460	12	1533	7	A9	3	57	3	1567	2	A4	60
1461	12	1534	1	A9	4	22	3	1535	2	A4	25
1462	12	1535	2	A4	4	25	3	1536	3	A6	28
1463	12	1536	3	A6	4	28	2	1537	4	A3	30
1464	12	1537	4	A3	4	30	11	1538	5	B2	41
1465	12	1538	5	B2	4	41	4	1539	6	B4	45
1466	12	1539	6	B4	4	45	19	1540	7	A9	64
1467	12	1540	7	A9	4	64	3	1573	2	A4	67
1468	12	1541	1	A9	5	29	3	1542	2	A4	32
1469	12	1542	2	A4	5	32	3	1543	3	A6	35
1470	12	1543	3	A6	5	35	2	1544	4	A3	37
1471	12	1544	4	A3	5	37	11	1545	5	B2	48
1472	12	1545	5	B2	5	48	4	1546	6	B4	52
1473	12	1546	6	B4	5	52	19	1547	7	A9	71
1474	12	1547	7	A9	5	71	3	1579	2	A4	74
1475	12	1548	1	A9	6	36	3	1549	2	A4	39
1476	12	1549	2	A4	6	39	3	1550	3	A6	42
1477	12	1550	3	A6	6	42	2	1551	4	A3	44
1478	12	1551	4	A3	6	44	11	1552	5	B2	55
1479	12	1552	5	B2	6	55	4	1553	6	B4	59
1480	12	1553	6	B4	6	59	19	1554	7	A9	78
1481	12	1554	7	A9	6	78	3	1585	2	A4	81
1482	12	1555	2	A4	7	46	3	1556	3	A6	49
1483	12	1556	3	A6	7	49	2	1557	4	A3	51
1484	12	1557	4	A3	7	51	11	1558	5	B2	62
1485	12	1558	5	B2	7	62	4	1559	6	B4	66
1486	12	1559	6	B4	7	66	19	1560	7	A9	85
1487	12	1560	7	A9	7	85	3	1591	2	A4	88
1488	12	1561	2	A4	8	53	3	1562	3	A6	56
1489	12	1562	3	A6	8	56	2	1563	4	A3	58
1490	12	1563	4	A3	8	58	11	1564	5	B2	69
1491	12	1564	5	B2	8	69	4	1565	6	B4	73
1492	12	1565	6	B4	8	73	19	1566	7	A9	92
1493	12	1566	7	A9	8	92	3	1597	2	A4	95
1494	12	1567	2	A4	9	60	3	1568	3	A6	63
1495	12	1568	3	A6	9	63	2	1569	4	A3	65
1496	12	1569	4	A3	9	65	11	1570	5	B2	76
1497	12	1570	5	B2	9	76	4	1571	6	B4	80
1498	12	1571	6	B4	9	80	19	1572	7	A9	99
1499	12	1572	7	A9	9	99	3	1603	2	A4	102
1500	12	1573	2	A4	10	67	3	1574	3	A6	70
1501	12	1574	3	A6	10	70	2	1575	4	A3	72
1502	12	1575	4	A3	10	72	11	1576	5	B2	83
1503	12	1576	5	B2	10	83	4	1577	6	B4	87
1504	12	1577	6	B4	10	87	19	1578	7	A9	106
1505	12	1578	7	A9	10	106	3	1609	2	A4	109
1506	12	1579	2	A4	11	74	3	1580	3	A6	77
1507	12	1580	3	A6	11	77	2	1581	4	A3	79
1508	12	1581	4	A3	11	79	11	1582	5	B2	90
1509	12	1582	5	B2	11	90	4	1583	6	B4	94
1510	12	1583	6	B4	11	94	19	1584	7	A9	113
1511	12	1584	7	A9	11	113	3	1615	2	A4	116
1512	12	1585	2	A4	12	81	3	1586	3	A6	84
1513	12	1586	3	A6	12	84	2	1587	4	A3	86
1514	12	1587	4	A3	12	86	11	1588	5	B2	97
1515	12	1588	5	B2	12	97	4	1589	6	B4	101
1516	12	1589	6	B4	12	101	19	1590	7	A9	120
1517	12	1590	7	A9	12	120	3	1621	2	A4	123
1518	12	1591	2	A4	13	88	3	1592	3	A6	91
1519	12	1592	3	A6	13	91	2	1593	4	A3	93
1520	12	1593	4	A3	13	93	11	1594	5	B2	104
1521	12	1594	5	B2	13	104	4	1595	6	B4	108
1522	12	1595	6	B4	13	108	19	1596	7	A9	127
1523	12	1596	7	A9	13	127	3	1627	2	A4	130
1524	12	1597	2	A4	14	95	3	1598	3	A6	98
1525	12	1598	3	A6	14	98	2	1599	4	A3	100
1526	12	1599	4	A3	14	100	11	1600	5	B2	111
1527	12	1600	5	B2	14	111	4	1601	6	B4	115
1528	12	1601	6	B4	14	115	19	1602	7	A9	134
1529	12	1602	7	A9	14	134	3	1633	2	A4	137
1530	12	1603	2	A4	15	102	3	1604	3	A6	105
1531	12	1604	3	A6	15	105	2	1605	4	A3	107
1532	12	1605	4	A3	15	107	11	1606	5	B2	118
1533	12	1606	5	B2	15	118	4	1607	6	B4	122
1534	12	1607	6	B4	15	122	19	1608	7	A9	141
1535	12	1609	2	A4	16	109	3	1610	3	A6	112
1536	12	1610	3	A6	16	112	2	1611	4	A3	114
1537	12	1611	4	A3	16	114	11	1612	5	B2	125
1538	12	1612	5	B2	16	125	4	1613	6	B4	129
1539	12	1613	6	B4	16	129	19	1614	7	A9	148
1540	12	1615	2	A4	17	116	3	1616	3	A6	119
1541	12	1616	3	A6	17	119	2	1617	4	A3	121
1542	12	1617	4	A3	17	121	11	1618	5	B2	132
1543	12	1618	5	B2	17	132	4	1619	6	B4	136
1544	12	1619	6	B4	17	136	19	1620	7	A9	155
1545	12	1621	2	A4	18	123	3	1622	3	A6	126
1546	12	1622	3	A6	18	126	2	1623	4	A3	128
1547	12	1623	4	A3	18	128	11	1624	5	B2	139
1548	12	1624	5	B2	18	139	4	1625	6	B4	143
1549	12	1625	6	B4	18	143	19	1626	7	A9	162
1550	12	1627	2	A4	19	130	3	1628	3	A6	133
1551	12	1628	3	A6	19	133	2	1629	4	A3	135
1552	12	1629	4	A3	19	135	11	1630	5	B2	146
1553	12	1630	5	B2	19	146	4	1631	6	B4	150
1554	12	1631	6	B4	19	150	19	1632	7	A9	169
1555	12	1633	2	A4	20	137	3	1634	3	A6	140
1556	12	1634	3	A6	20	140	2	1635	4	A3	142
1557	12	1635	4	A3	20	142	11	1636	5	B2	153
1558	12	1636	5	B2	20	153	4	1637	6	B4	157
1559	12	1637	6	B4	20	157	19	1638	7	A9	176
1560	13	1639	1	A19	1	2	4	1640	2	A20	6
1561	13	1640	2	A20	1	6	3	1641	3	A5	9
1562	13	1641	3	A5	1	9	3	1642	4	A6	12
1563	13	1642	4	A6	1	12	16	1643	5	B1	28
1564	13	1643	5	B1	1	28	23	1644	6	A19	51
1565	13	1644	6	A19	1	51	4	1681	2	A20	55
1566	13	1645	1	A19	2	9	4	1646	2	A20	13
1567	13	1646	2	A20	2	13	3	1647	3	A5	16
1568	13	1647	3	A5	2	16	3	1648	4	A6	19
1569	13	1648	4	A6	2	19	16	1649	5	B1	35
1570	13	1649	5	B1	2	35	23	1650	6	A19	58
1571	13	1650	6	A19	2	58	4	1686	2	A20	62
1572	13	1651	1	A19	3	16	4	1652	2	A20	20
1573	13	1652	2	A20	3	20	3	1653	3	A5	23
1574	13	1653	3	A5	3	23	3	1654	4	A6	26
1575	13	1654	4	A6	3	26	16	1655	5	B1	42
1576	13	1655	5	B1	3	42	23	1656	6	A19	65
1577	13	1656	6	A19	3	65	4	1691	2	A20	69
1578	13	1657	1	A19	4	23	4	1658	2	A20	27
1579	13	1658	2	A20	4	27	3	1659	3	A5	30
1580	13	1659	3	A5	4	30	3	1660	4	A6	33
1581	13	1660	4	A6	4	33	16	1661	5	B1	49
1582	13	1661	5	B1	4	49	23	1662	6	A19	72
1583	13	1662	6	A19	4	72	4	1696	2	A20	76
1584	13	1663	1	A19	5	30	4	1664	2	A20	34
1585	13	1664	2	A20	5	34	3	1665	3	A5	37
1586	13	1665	3	A5	5	37	3	1666	4	A6	40
1587	13	1666	4	A6	5	40	16	1667	5	B1	56
1588	13	1667	5	B1	5	56	23	1668	6	A19	79
1589	13	1668	6	A19	5	79	4	1701	2	A20	83
1590	13	1669	1	A19	6	37	4	1670	2	A20	41
1591	13	1670	2	A20	6	41	3	1671	3	A5	44
1592	13	1671	3	A5	6	44	3	1672	4	A6	47
1593	13	1672	4	A6	6	47	16	1673	5	B1	63
1594	13	1673	5	B1	6	63	23	1674	6	A19	86
1595	13	1674	6	A19	6	86	4	1706	2	A20	90
1596	13	1675	1	A19	7	44	4	1676	2	A20	48
1597	13	1676	2	A20	7	48	3	1677	3	A5	51
1598	13	1677	3	A5	7	51	3	1678	4	A6	54
1599	13	1678	4	A6	7	54	16	1679	5	B1	70
1600	13	1679	5	B1	7	70	23	1680	6	A19	93
1601	13	1680	6	A19	7	93	4	1711	2	A20	97
1602	13	1681	2	A20	8	55	3	1682	3	A5	58
1603	13	1682	3	A5	8	58	3	1683	4	A6	61
1604	13	1683	4	A6	8	61	16	1684	5	B1	77
1605	13	1684	5	B1	8	77	23	1685	6	A19	100
1606	13	1685	6	A19	8	100	4	1716	2	A20	104
1607	13	1686	2	A20	9	62	3	1687	3	A5	65
1608	13	1687	3	A5	9	65	3	1688	4	A6	68
1609	13	1688	4	A6	9	68	16	1689	5	B1	84
1610	13	1689	5	B1	9	84	23	1690	6	A19	107
1611	13	1690	6	A19	9	107	4	1721	2	A20	111
1612	13	1691	2	A20	10	69	3	1692	3	A5	72
1613	13	1692	3	A5	10	72	3	1693	4	A6	75
1614	13	1693	4	A6	10	75	16	1694	5	B1	91
1615	13	1694	5	B1	10	91	23	1695	6	A19	114
1616	13	1695	6	A19	10	114	4	1726	2	A20	118
1617	13	1696	2	A20	11	76	3	1697	3	A5	79
1618	13	1697	3	A5	11	79	3	1698	4	A6	82
1619	13	1698	4	A6	11	82	16	1699	5	B1	98
1620	13	1699	5	B1	11	98	23	1700	6	A19	121
1621	13	1700	6	A19	11	121	4	1731	2	A20	125
1622	13	1701	2	A20	12	83	3	1702	3	A5	86
1623	13	1702	3	A5	12	86	3	1703	4	A6	89
1624	13	1703	4	A6	12	89	16	1704	5	B1	105
1625	13	1704	5	B1	12	105	23	1705	6	A19	128
1626	13	1705	6	A19	12	128	4	1736	2	A20	132
1627	13	1706	2	A20	13	90	3	1707	3	A5	93
1628	13	1707	3	A5	13	93	3	1708	4	A6	96
1629	13	1708	4	A6	13	96	16	1709	5	B1	112
1630	13	1709	5	B1	13	112	23	1710	6	A19	135
1631	13	1711	2	A20	14	97	3	1712	3	A5	100
1632	13	1712	3	A5	14	100	3	1713	4	A6	103
1633	13	1713	4	A6	14	103	16	1714	5	B1	119
1634	13	1714	5	B1	14	119	23	1715	6	A19	142
1635	13	1716	2	A20	15	104	3	1717	3	A5	107
1636	13	1717	3	A5	15	107	3	1718	4	A6	110
1637	13	1718	4	A6	15	110	16	1719	5	B1	126
1638	13	1719	5	B1	15	126	23	1720	6	A19	149
1639	13	1721	2	A20	16	111	3	1722	3	A5	114
1640	13	1722	3	A5	16	114	3	1723	4	A6	117
1641	13	1723	4	A6	16	117	16	1724	5	B1	133
1642	13	1724	5	B1	16	133	23	1725	6	A19	156
1643	13	1726	2	A20	17	118	3	1727	3	A5	121
1644	13	1727	3	A5	17	121	3	1728	4	A6	124
1645	13	1728	4	A6	17	124	16	1729	5	B1	140
1646	13	1729	5	B1	17	140	23	1730	6	A19	163
1647	13	1731	2	A20	18	125	3	1732	3	A5	128
1648	13	1732	3	A5	18	128	3	1733	4	A6	131
1649	13	1733	4	A6	18	131	16	1734	5	B1	147
1650	13	1734	5	B1	18	147	23	1735	6	A19	170
1651	13	1736	2	A20	19	132	3	1737	3	A5	135
1652	13	1737	3	A5	19	135	3	1738	4	A6	138
1653	13	1738	4	A6	19	138	16	1739	5	B1	154
1654	13	1739	5	B1	19	154	23	1740	6	A19	177
