TransshipArc ID	Port	origin_node_ID	OriginTime	TransshipTime	Destination_node_ID	DestinationTime	FromRoute	ToRoute
824	SHANGHAI	1	7	0	251	7	1	2
825	SHANGHAI	1	7	7	265	14	1	2
826	SHANGHAI	1	7	6	458	13	1	3
827	SHANGHAI	1	7	13	475	20	1	3
828	SHANGHAI	1	7	2	661	9	1	4
829	SHANGHAI	1	7	9	676	16	1	4
830	NINGBO	2	8	0	252	8	1	2
831	NINGBO	2	8	7	266	15	1	2
832	NINGBO	2	8	7	459	15	1	3
833	NINGBO	2	8	3	662	11	1	4
834	NINGBO	2	8	10	677	18	1	4
835	SHEKOU	4	13	2	254	15	1	2
836	SHEKOU	4	13	9	268	22	1	2
837	SHEKOU	4	13	8	461	21	1	3
838	SINGAPORE	5	17	4	255	21	1	2
839	SINGAPORE	5	17	11	269	28	1	2
840	SINGAPORE	5	17	8	462	25	1	3
841	SINGAPORE	5	17	4	666	21	1	4
842	SINGAPORE	5	17	11	681	28	1	4
843	PIRAEUS	13	50	1	672	51	1	4
844	PIRAEUS	13	50	8	687	58	1	4
845	PIRAEUS	13	50	0	697	50	1	4
846	PIRAEUS	13	50	7	712	57	1	4
847	PORT SAID	14	52	6	274	58	1	2
848	PORT SAID	14	52	13	288	65	1	2
849	JEDDAH	15	56	0	261	56	1	2
850	JEDDAH	15	56	7	275	63	1	2
851	JEDDAH	15	56	11	468	67	1	3
852	PORT KLANG	16	68	6	276	74	1	2
853	PORT KLANG	16	68	13	290	81	1	2
854	SHANGHAI	17	77	0	264	77	1	2
855	SHANGHAI	17	77	7	278	84	1	2
856	SHANGHAI	17	77	6	628	83	1	3
857	SHANGHAI	17	77	13	645	90	1	3
858	SHANGHAI	17	77	2	811	79	1	4
859	SHANGHAI	17	77	9	825	86	1	4
860	SHANGHAI	18	14	0	265	14	1	2
861	SHANGHAI	18	14	7	279	21	1	2
862	SHANGHAI	18	14	6	475	20	1	3
863	SHANGHAI	18	14	13	492	27	1	3
864	SHANGHAI	18	14	2	676	16	1	4
865	SHANGHAI	18	14	9	691	23	1	4
866	NINGBO	19	15	0	266	15	1	2
867	NINGBO	19	15	7	280	22	1	2
868	NINGBO	19	15	0	459	15	1	3
869	NINGBO	19	15	7	476	22	1	3
870	NINGBO	19	15	3	677	18	1	4
871	NINGBO	19	15	10	692	25	1	4
872	SHEKOU	21	20	2	268	22	1	2
873	SHEKOU	21	20	9	282	29	1	2
874	SHEKOU	21	20	1	461	21	1	3
875	SHEKOU	21	20	8	478	28	1	3
876	SINGAPORE	22	24	4	269	28	1	2
877	SINGAPORE	22	24	11	283	35	1	2
878	SINGAPORE	22	24	1	462	25	1	3
879	SINGAPORE	22	24	8	479	32	1	3
880	SINGAPORE	22	24	4	681	28	1	4
881	SINGAPORE	22	24	11	696	35	1	4
882	PORT SAID	23	40	11	260	51	1	2
883	PIRAEUS	30	57	1	687	58	1	4
884	PIRAEUS	30	57	8	702	65	1	4
885	PIRAEUS	30	57	0	712	57	1	4
886	PIRAEUS	30	57	7	727	64	1	4
887	PORT SAID	31	59	6	288	65	1	2
888	PORT SAID	31	59	13	302	72	1	2
889	JEDDAH	32	63	0	275	63	1	2
890	JEDDAH	32	63	7	289	70	1	2
891	JEDDAH	32	63	4	468	67	1	3
892	JEDDAH	32	63	11	485	74	1	3
893	PORT KLANG	33	75	6	290	81	1	2
894	PORT KLANG	33	75	13	304	88	1	2
895	PORT KLANG	33	75	10	470	85	1	3
896	SHANGHAI	34	84	0	278	84	1	2
897	SHANGHAI	34	84	7	292	91	1	2
898	SHANGHAI	34	84	6	645	90	1	3
899	SHANGHAI	34	84	2	825	86	1	4
900	SHANGHAI	34	84	9	839	93	1	4
901	SHANGHAI	35	21	0	279	21	1	2
902	SHANGHAI	35	21	7	293	28	1	2
903	SHANGHAI	35	21	6	492	27	1	3
904	SHANGHAI	35	21	13	509	34	1	3
905	SHANGHAI	35	21	2	691	23	1	4
906	SHANGHAI	35	21	9	706	30	1	4
907	NINGBO	36	22	0	280	22	1	2
908	NINGBO	36	22	7	294	29	1	2
909	NINGBO	36	22	0	476	22	1	3
910	NINGBO	36	22	7	493	29	1	3
911	NINGBO	36	22	3	692	25	1	4
912	NINGBO	36	22	10	707	32	1	4
913	SHEKOU	38	27	2	282	29	1	2
914	SHEKOU	38	27	9	296	36	1	2
915	SHEKOU	38	27	1	478	28	1	3
916	SHEKOU	38	27	8	495	35	1	3
917	SINGAPORE	39	31	4	283	35	1	2
918	SINGAPORE	39	31	11	297	42	1	2
919	SINGAPORE	39	31	1	479	32	1	3
920	SINGAPORE	39	31	8	496	39	1	3
921	SINGAPORE	39	31	4	696	35	1	4
922	SINGAPORE	39	31	11	711	42	1	4
923	PORT SAID	40	47	4	260	51	1	2
924	PORT SAID	40	47	11	274	58	1	2
925	BEIRUT	41	49	13	467	62	1	3
926	PIRAEUS	47	64	1	702	65	1	4
927	PIRAEUS	47	64	8	717	72	1	4
928	PIRAEUS	47	64	0	727	64	1	4
929	PIRAEUS	47	64	7	742	71	1	4
930	PORT SAID	48	66	6	302	72	1	2
931	PORT SAID	48	66	13	316	79	1	2
932	JEDDAH	49	70	0	289	70	1	2
933	JEDDAH	49	70	7	303	77	1	2
934	JEDDAH	49	70	4	485	74	1	3
935	JEDDAH	49	70	11	502	81	1	3
936	PORT KLANG	50	82	6	304	88	1	2
937	PORT KLANG	50	82	13	318	95	1	2
938	PORT KLANG	50	82	3	470	85	1	3
939	PORT KLANG	50	82	10	487	92	1	3
940	SHANGHAI	51	91	0	292	91	1	2
941	SHANGHAI	51	91	7	306	98	1	2
942	SHANGHAI	51	91	2	839	93	1	4
943	SHANGHAI	51	91	9	853	100	1	4
944	SHANGHAI	52	28	0	293	28	1	2
945	SHANGHAI	52	28	7	307	35	1	2
946	SHANGHAI	52	28	6	509	34	1	3
947	SHANGHAI	52	28	13	526	41	1	3
948	SHANGHAI	52	28	2	706	30	1	4
949	SHANGHAI	52	28	9	721	37	1	4
950	NINGBO	53	29	0	294	29	1	2
951	NINGBO	53	29	7	308	36	1	2
952	NINGBO	53	29	0	493	29	1	3
953	NINGBO	53	29	7	510	36	1	3
954	NINGBO	53	29	3	707	32	1	4
955	NINGBO	53	29	10	722	39	1	4
956	SHEKOU	55	34	2	296	36	1	2
957	SHEKOU	55	34	9	310	43	1	2
958	SHEKOU	55	34	1	495	35	1	3
959	SHEKOU	55	34	8	512	42	1	3
960	SINGAPORE	56	38	4	297	42	1	2
961	SINGAPORE	56	38	11	311	49	1	2
962	SINGAPORE	56	38	1	496	39	1	3
963	SINGAPORE	56	38	8	513	46	1	3
964	SINGAPORE	56	38	4	711	42	1	4
965	SINGAPORE	56	38	11	726	49	1	4
966	PORT SAID	57	54	4	274	58	1	2
967	PORT SAID	57	54	11	288	65	1	2
968	BEIRUT	58	56	6	467	62	1	3
969	BEIRUT	58	56	13	484	69	1	3
970	PIRAEUS	64	71	1	717	72	1	4
971	PIRAEUS	64	71	8	732	79	1	4
972	PIRAEUS	64	71	0	742	71	1	4
973	PIRAEUS	64	71	7	757	78	1	4
974	PORT SAID	65	73	6	316	79	1	2
975	PORT SAID	65	73	13	330	86	1	2
976	JEDDAH	66	77	0	303	77	1	2
977	JEDDAH	66	77	7	317	84	1	2
978	JEDDAH	66	77	4	502	81	1	3
979	JEDDAH	66	77	11	519	88	1	3
980	PORT KLANG	67	89	6	318	95	1	2
981	PORT KLANG	67	89	13	332	102	1	2
982	PORT KLANG	67	89	3	487	92	1	3
983	PORT KLANG	67	89	10	504	99	1	3
984	SHANGHAI	68	98	0	306	98	1	2
985	SHANGHAI	68	98	7	320	105	1	2
986	SHANGHAI	68	98	2	853	100	1	4
987	SHANGHAI	69	35	0	307	35	1	2
988	SHANGHAI	69	35	7	321	42	1	2
989	SHANGHAI	69	35	6	526	41	1	3
990	SHANGHAI	69	35	13	543	48	1	3
991	SHANGHAI	69	35	2	721	37	1	4
992	SHANGHAI	69	35	9	736	44	1	4
993	NINGBO	70	36	0	308	36	1	2
994	NINGBO	70	36	7	322	43	1	2
995	NINGBO	70	36	0	510	36	1	3
996	NINGBO	70	36	7	527	43	1	3
997	NINGBO	70	36	3	722	39	1	4
998	NINGBO	70	36	10	737	46	1	4
999	SHEKOU	72	41	2	310	43	1	2
1000	SHEKOU	72	41	9	324	50	1	2
1001	SHEKOU	72	41	1	512	42	1	3
1002	SHEKOU	72	41	8	529	49	1	3
1003	SINGAPORE	73	45	4	311	49	1	2
1004	SINGAPORE	73	45	11	325	56	1	2
1005	SINGAPORE	73	45	1	513	46	1	3
1006	SINGAPORE	73	45	8	530	53	1	3
1007	SINGAPORE	73	45	4	726	49	1	4
1008	SINGAPORE	73	45	11	741	56	1	4
1009	PORT SAID	74	61	4	288	65	1	2
1010	PORT SAID	74	61	11	302	72	1	2
1011	BEIRUT	75	63	6	484	69	1	3
1012	BEIRUT	75	63	13	501	76	1	3
1013	PIRAEUS	81	78	1	732	79	1	4
1014	PIRAEUS	81	78	8	747	86	1	4
1015	PIRAEUS	81	78	0	757	78	1	4
1016	PIRAEUS	81	78	7	772	85	1	4
1017	PORT SAID	82	80	6	330	86	1	2
1018	PORT SAID	82	80	13	344	93	1	2
1019	JEDDAH	83	84	0	317	84	1	2
1020	JEDDAH	83	84	7	331	91	1	2
1021	JEDDAH	83	84	4	519	88	1	3
1022	JEDDAH	83	84	11	536	95	1	3
1023	PORT KLANG	84	96	6	332	102	1	2
1024	PORT KLANG	84	96	13	346	109	1	2
1025	PORT KLANG	84	96	3	504	99	1	3
1026	PORT KLANG	84	96	10	521	106	1	3
1027	SHANGHAI	85	105	0	320	105	1	2
1028	SHANGHAI	85	105	7	334	112	1	2
1029	SHANGHAI	86	42	0	321	42	1	2
1030	SHANGHAI	86	42	7	335	49	1	2
1031	SHANGHAI	86	42	6	543	48	1	3
1032	SHANGHAI	86	42	13	560	55	1	3
1033	SHANGHAI	86	42	2	736	44	1	4
1034	SHANGHAI	86	42	9	751	51	1	4
1035	NINGBO	87	43	0	322	43	1	2
1036	NINGBO	87	43	7	336	50	1	2
1037	NINGBO	87	43	0	527	43	1	3
1038	NINGBO	87	43	7	544	50	1	3
1039	NINGBO	87	43	3	737	46	1	4
1040	NINGBO	87	43	10	752	53	1	4
1041	SHEKOU	89	48	2	324	50	1	2
1042	SHEKOU	89	48	9	338	57	1	2
1043	SHEKOU	89	48	1	529	49	1	3
1044	SHEKOU	89	48	8	546	56	1	3
1045	SINGAPORE	90	52	4	325	56	1	2
1046	SINGAPORE	90	52	11	339	63	1	2
1047	SINGAPORE	90	52	1	530	53	1	3
1048	SINGAPORE	90	52	8	547	60	1	3
1049	SINGAPORE	90	52	4	741	56	1	4
1050	SINGAPORE	90	52	11	756	63	1	4
1051	PORT SAID	91	68	4	302	72	1	2
1052	PORT SAID	91	68	11	316	79	1	2
1053	BEIRUT	92	70	6	501	76	1	3
1054	BEIRUT	92	70	13	518	83	1	3
1055	PIRAEUS	98	85	1	747	86	1	4
1056	PIRAEUS	98	85	8	762	93	1	4
1057	PIRAEUS	98	85	0	772	85	1	4
1058	PIRAEUS	98	85	7	787	92	1	4
1059	PORT SAID	99	87	6	344	93	1	2
1060	PORT SAID	99	87	13	358	100	1	2
1061	JEDDAH	100	91	0	331	91	1	2
1062	JEDDAH	100	91	7	345	98	1	2
1063	JEDDAH	100	91	4	536	95	1	3
1064	JEDDAH	100	91	11	553	102	1	3
1065	PORT KLANG	101	103	6	346	109	1	2
1066	PORT KLANG	101	103	13	360	116	1	2
1067	PORT KLANG	101	103	3	521	106	1	3
1068	PORT KLANG	101	103	10	538	113	1	3
1069	SHANGHAI	102	112	0	334	112	1	2
1070	SHANGHAI	102	112	7	348	119	1	2
1071	SHANGHAI	103	49	0	335	49	1	2
1072	SHANGHAI	103	49	7	349	56	1	2
1073	SHANGHAI	103	49	6	560	55	1	3
1074	SHANGHAI	103	49	13	577	62	1	3
1075	SHANGHAI	103	49	2	751	51	1	4
1076	SHANGHAI	103	49	9	766	58	1	4
1077	NINGBO	104	50	0	336	50	1	2
1078	NINGBO	104	50	7	350	57	1	2
1079	NINGBO	104	50	0	544	50	1	3
1080	NINGBO	104	50	7	561	57	1	3
1081	NINGBO	104	50	3	752	53	1	4
1082	NINGBO	104	50	10	767	60	1	4
1083	SHEKOU	106	55	2	338	57	1	2
1084	SHEKOU	106	55	9	352	64	1	2
1085	SHEKOU	106	55	1	546	56	1	3
1086	SHEKOU	106	55	8	563	63	1	3
1087	SINGAPORE	107	59	4	339	63	1	2
1088	SINGAPORE	107	59	11	353	70	1	2
1089	SINGAPORE	107	59	1	547	60	1	3
1090	SINGAPORE	107	59	8	564	67	1	3
1091	SINGAPORE	107	59	4	756	63	1	4
1092	SINGAPORE	107	59	11	771	70	1	4
1093	PORT SAID	108	75	4	316	79	1	2
1094	PORT SAID	108	75	11	330	86	1	2
1095	BEIRUT	109	77	6	518	83	1	3
1096	BEIRUT	109	77	13	535	90	1	3
1097	PIRAEUS	115	92	1	762	93	1	4
1098	PIRAEUS	115	92	8	777	100	1	4
1099	PIRAEUS	115	92	0	787	92	1	4
1100	PIRAEUS	115	92	7	802	99	1	4
1101	PORT SAID	116	94	6	358	100	1	2
1102	PORT SAID	116	94	13	372	107	1	2
1103	JEDDAH	117	98	0	345	98	1	2
1104	JEDDAH	117	98	7	359	105	1	2
1105	JEDDAH	117	98	4	553	102	1	3
1106	JEDDAH	117	98	11	570	109	1	3
1107	PORT KLANG	118	110	6	360	116	1	2
1108	PORT KLANG	118	110	13	374	123	1	2
1109	PORT KLANG	118	110	3	538	113	1	3
1110	PORT KLANG	118	110	10	555	120	1	3
1111	SHANGHAI	119	119	0	348	119	1	2
1112	SHANGHAI	119	119	7	362	126	1	2
1113	SHANGHAI	120	56	0	349	56	1	2
1114	SHANGHAI	120	56	7	363	63	1	2
1115	SHANGHAI	120	56	6	577	62	1	3
1116	SHANGHAI	120	56	13	594	69	1	3
1117	SHANGHAI	120	56	2	766	58	1	4
1118	SHANGHAI	120	56	9	781	65	1	4
1119	NINGBO	121	57	0	350	57	1	2
1120	NINGBO	121	57	7	364	64	1	2
1121	NINGBO	121	57	0	561	57	1	3
1122	NINGBO	121	57	7	578	64	1	3
1123	NINGBO	121	57	3	767	60	1	4
1124	NINGBO	121	57	10	782	67	1	4
1125	SHEKOU	123	62	11	263	73	1	2
1126	SHEKOU	123	62	2	352	64	1	2
1127	SHEKOU	123	62	9	366	71	1	2
1128	SHEKOU	123	62	1	563	63	1	3
1129	SHEKOU	123	62	8	580	70	1	3
1130	SINGAPORE	124	66	4	353	70	1	2
1131	SINGAPORE	124	66	11	367	77	1	2
1132	SINGAPORE	124	66	1	564	67	1	3
1133	SINGAPORE	124	66	8	581	74	1	3
1134	SINGAPORE	124	66	8	673	74	1	4
1135	SINGAPORE	124	66	4	771	70	1	4
1136	SINGAPORE	124	66	11	786	77	1	4
1137	PORT SAID	125	82	4	330	86	1	2
1138	PORT SAID	125	82	11	344	93	1	2
1139	BEIRUT	126	84	6	535	90	1	3
1140	BEIRUT	126	84	13	552	97	1	3
1141	PIRAEUS	132	99	1	777	100	1	4
1142	PIRAEUS	132	99	8	792	107	1	4
1143	PIRAEUS	132	99	0	802	99	1	4
1144	PIRAEUS	132	99	7	817	106	1	4
1145	PORT SAID	133	101	6	372	107	1	2
1146	PORT SAID	133	101	13	386	114	1	2
1147	JEDDAH	134	105	0	359	105	1	2
1148	JEDDAH	134	105	7	373	112	1	2
1149	JEDDAH	134	105	4	570	109	1	3
1150	JEDDAH	134	105	11	587	116	1	3
1151	PORT KLANG	135	117	6	374	123	1	2
1152	PORT KLANG	135	117	13	388	130	1	2
1153	PORT KLANG	135	117	3	555	120	1	3
1154	PORT KLANG	135	117	10	572	127	1	3
1155	SHANGHAI	136	126	0	362	126	1	2
1156	SHANGHAI	136	126	7	376	133	1	2
1157	SHANGHAI	137	63	0	363	63	1	2
1158	SHANGHAI	137	63	7	377	70	1	2
1159	SHANGHAI	137	63	6	594	69	1	3
1160	SHANGHAI	137	63	13	611	76	1	3
1161	SHANGHAI	137	63	2	781	65	1	4
1162	SHANGHAI	137	63	9	796	72	1	4
1163	NINGBO	138	64	0	364	64	1	2
1164	NINGBO	138	64	7	378	71	1	2
1165	NINGBO	138	64	0	578	64	1	3
1166	NINGBO	138	64	7	595	71	1	3
1167	NINGBO	138	64	3	782	67	1	4
1168	NINGBO	138	64	10	797	74	1	4
1169	SHEKOU	140	69	4	263	73	1	2
1170	SHEKOU	140	69	11	277	80	1	2
1171	SHEKOU	140	69	2	366	71	1	2
1172	SHEKOU	140	69	9	380	78	1	2
1173	SHEKOU	140	69	1	580	70	1	3
1174	SHEKOU	140	69	8	597	77	1	3
1175	SINGAPORE	141	73	4	367	77	1	2
1176	SINGAPORE	141	73	11	381	84	1	2
1177	SINGAPORE	141	73	1	581	74	1	3
1178	SINGAPORE	141	73	8	598	81	1	3
1179	SINGAPORE	141	73	1	673	74	1	4
1180	SINGAPORE	141	73	8	688	81	1	4
1181	SINGAPORE	141	73	4	786	77	1	4
1182	SINGAPORE	141	73	11	801	84	1	4
1183	PORT SAID	142	89	4	344	93	1	2
1184	PORT SAID	142	89	11	358	100	1	2
1185	BEIRUT	143	91	6	552	97	1	3
1186	BEIRUT	143	91	13	569	104	1	3
1187	PIRAEUS	149	106	1	792	107	1	4
1188	PIRAEUS	149	106	8	807	114	1	4
1189	PIRAEUS	149	106	0	817	106	1	4
1190	PIRAEUS	149	106	7	831	113	1	4
1191	PORT SAID	150	108	6	386	114	1	2
1192	PORT SAID	150	108	13	399	121	1	2
1193	JEDDAH	151	112	0	373	112	1	2
1194	JEDDAH	151	112	7	387	119	1	2
1195	JEDDAH	151	112	4	587	116	1	3
1196	JEDDAH	151	112	11	604	123	1	3
1197	PORT KLANG	152	124	6	388	130	1	2
1198	PORT KLANG	152	124	13	401	137	1	2
1199	PORT KLANG	152	124	3	572	127	1	3
1200	PORT KLANG	152	124	10	589	134	1	3
1201	SHANGHAI	153	133	0	376	133	1	2
1202	SHANGHAI	153	133	7	390	140	1	2
1203	SHANGHAI	154	70	7	264	77	1	2
1204	SHANGHAI	154	70	0	377	70	1	2
1205	SHANGHAI	154	70	6	611	76	1	3
1206	SHANGHAI	154	70	13	628	83	1	3
1207	SHANGHAI	154	70	2	796	72	1	4
1208	SHANGHAI	154	70	9	811	79	1	4
1209	NINGBO	155	71	0	378	71	1	2
1210	NINGBO	155	71	7	391	78	1	2
1211	NINGBO	155	71	0	595	71	1	3
1212	NINGBO	155	71	7	612	78	1	3
1213	NINGBO	155	71	3	797	74	1	4
1214	NINGBO	155	71	10	812	81	1	4
1215	SHEKOU	157	76	4	277	80	1	2
1216	SHEKOU	157	76	11	291	87	1	2
1217	SHEKOU	157	76	2	380	78	1	2
1218	SHEKOU	157	76	9	393	85	1	2
1219	SHEKOU	157	76	1	597	77	1	3
1220	SHEKOU	157	76	8	614	84	1	3
1221	SINGAPORE	158	80	4	381	84	1	2
1222	SINGAPORE	158	80	11	394	91	1	2
1223	SINGAPORE	158	80	1	598	81	1	3
1224	SINGAPORE	158	80	8	615	88	1	3
1225	SINGAPORE	158	80	1	688	81	1	4
1226	SINGAPORE	158	80	8	703	88	1	4
1227	SINGAPORE	158	80	4	801	84	1	4
1228	SINGAPORE	158	80	11	816	91	1	4
1229	PORT SAID	159	96	4	358	100	1	2
1230	PORT SAID	159	96	11	372	107	1	2
1231	BEIRUT	160	98	6	569	104	1	3
1232	BEIRUT	160	98	13	586	111	1	3
1233	PIRAEUS	166	113	1	807	114	1	4
1234	PIRAEUS	166	113	8	822	121	1	4
1235	PIRAEUS	166	113	0	831	113	1	4
1236	PIRAEUS	166	113	7	845	120	1	4
1237	PORT SAID	167	115	6	399	121	1	2
1238	PORT SAID	167	115	13	412	128	1	2
1239	JEDDAH	168	119	0	387	119	1	2
1240	JEDDAH	168	119	7	400	126	1	2
1241	JEDDAH	168	119	4	604	123	1	3
1242	JEDDAH	168	119	11	621	130	1	3
1243	PORT KLANG	169	131	6	401	137	1	2
1244	PORT KLANG	169	131	13	414	144	1	2
1245	PORT KLANG	169	131	3	589	134	1	3
1246	PORT KLANG	169	131	10	606	141	1	3
1247	SHANGHAI	170	140	0	390	140	1	2
1248	SHANGHAI	170	140	7	403	147	1	2
1249	NINGBO	171	78	0	391	78	1	2
1250	NINGBO	171	78	7	404	85	1	2
1251	NINGBO	171	78	0	612	78	1	3
1252	NINGBO	171	78	7	629	85	1	3
1253	NINGBO	171	78	3	812	81	1	4
1254	NINGBO	171	78	10	826	88	1	4
1255	XIAMEN	172	81	12	471	93	1	3
1256	SHEKOU	173	83	4	291	87	1	2
1257	SHEKOU	173	83	11	305	94	1	2
1258	SHEKOU	173	83	2	393	85	1	2
1259	SHEKOU	173	83	9	406	92	1	2
1260	SHEKOU	173	83	1	614	84	1	3
1261	SHEKOU	173	83	8	631	91	1	3
1262	SINGAPORE	174	87	4	394	91	1	2
1263	SINGAPORE	174	87	11	407	98	1	2
1264	SINGAPORE	174	87	1	615	88	1	3
1265	SINGAPORE	174	87	8	632	95	1	3
1266	SINGAPORE	174	87	1	703	88	1	4
1267	SINGAPORE	174	87	8	718	95	1	4
1268	SINGAPORE	174	87	4	816	91	1	4
1269	SINGAPORE	174	87	11	830	98	1	4
1270	PORT SAID	175	103	4	372	107	1	2
1271	PORT SAID	175	103	11	386	114	1	2
1272	BEIRUT	176	105	6	586	111	1	3
1273	BEIRUT	176	105	13	603	118	1	3
1274	PIRAEUS	182	120	1	822	121	1	4
1275	PIRAEUS	182	120	8	836	128	1	4
1276	PIRAEUS	182	120	0	845	120	1	4
1277	PIRAEUS	182	120	7	859	127	1	4
1278	PORT SAID	183	122	6	412	128	1	2
1279	PORT SAID	183	122	13	425	135	1	2
1280	JEDDAH	184	126	0	400	126	1	2
1281	JEDDAH	184	126	7	413	133	1	2
1282	JEDDAH	184	126	4	621	130	1	3
1283	JEDDAH	184	126	11	638	137	1	3
1284	PORT KLANG	185	138	6	414	144	1	2
1285	PORT KLANG	185	138	13	427	151	1	2
1286	PORT KLANG	185	138	3	606	141	1	3
1287	PORT KLANG	185	138	10	623	148	1	3
1288	SHANGHAI	186	147	0	403	147	1	2
1289	SHANGHAI	186	147	7	416	154	1	2
1290	NINGBO	187	85	0	404	85	1	2
1291	NINGBO	187	85	7	417	92	1	2
1292	NINGBO	187	85	0	629	85	1	3
1293	NINGBO	187	85	7	646	92	1	3
1294	NINGBO	187	85	3	826	88	1	4
1295	NINGBO	187	85	10	840	95	1	4
1296	XIAMEN	188	88	5	471	93	1	3
1297	XIAMEN	188	88	12	488	100	1	3
1298	SHEKOU	189	90	4	305	94	1	2
1299	SHEKOU	189	90	11	319	101	1	2
1300	SHEKOU	189	90	2	406	92	1	2
1301	SHEKOU	189	90	9	419	99	1	2
1302	SHEKOU	189	90	1	631	91	1	3
1303	SHEKOU	189	90	8	648	98	1	3
1304	SINGAPORE	190	94	4	407	98	1	2
1305	SINGAPORE	190	94	11	420	105	1	2
1306	SINGAPORE	190	94	1	632	95	1	3
1307	SINGAPORE	190	94	8	649	102	1	3
1308	SINGAPORE	190	94	1	718	95	1	4
1309	SINGAPORE	190	94	8	733	102	1	4
1310	SINGAPORE	190	94	4	830	98	1	4
1311	SINGAPORE	190	94	11	844	105	1	4
1312	PORT SAID	191	110	4	386	114	1	2
1313	PORT SAID	191	110	11	399	121	1	2
1314	BEIRUT	192	112	6	603	118	1	3
1315	BEIRUT	192	112	13	620	125	1	3
1316	PIRAEUS	198	127	1	836	128	1	4
1317	PIRAEUS	198	127	8	850	135	1	4
1318	PIRAEUS	198	127	0	859	127	1	4
1319	PORT SAID	199	129	6	425	135	1	2
1320	PORT SAID	199	129	13	438	142	1	2
1321	JEDDAH	200	133	0	413	133	1	2
1322	JEDDAH	200	133	7	426	140	1	2
1323	JEDDAH	200	133	4	638	137	1	3
1324	JEDDAH	200	133	11	655	144	1	3
1325	PORT KLANG	201	145	6	427	151	1	2
1326	PORT KLANG	201	145	13	440	158	1	2
1327	PORT KLANG	201	145	3	623	148	1	3
1328	PORT KLANG	201	145	10	640	155	1	3
1329	SHANGHAI	202	154	0	416	154	1	2
1330	SHANGHAI	202	154	7	429	161	1	2
1331	NINGBO	203	92	0	417	92	1	2
1332	NINGBO	203	92	7	430	99	1	2
1333	NINGBO	203	92	0	646	92	1	3
1334	NINGBO	203	92	3	840	95	1	4
1335	NINGBO	203	92	10	854	102	1	4
1336	XIAMEN	204	95	5	488	100	1	3
1337	XIAMEN	204	95	12	505	107	1	3
1338	SHEKOU	205	97	4	319	101	1	2
1339	SHEKOU	205	97	11	333	108	1	2
1340	SHEKOU	205	97	2	419	99	1	2
1341	SHEKOU	205	97	9	432	106	1	2
1342	SHEKOU	205	97	1	648	98	1	3
1343	SINGAPORE	206	101	4	420	105	1	2
1344	SINGAPORE	206	101	11	433	112	1	2
1345	SINGAPORE	206	101	1	649	102	1	3
1346	SINGAPORE	206	101	1	733	102	1	4
1347	SINGAPORE	206	101	8	748	109	1	4
1348	SINGAPORE	206	101	4	844	105	1	4
1349	SINGAPORE	206	101	11	858	112	1	4
1350	PORT SAID	207	117	4	399	121	1	2
1351	PORT SAID	207	117	11	412	128	1	2
1352	BEIRUT	208	119	6	620	125	1	3
1353	BEIRUT	208	119	13	637	132	1	3
1354	PIRAEUS	214	134	1	850	135	1	4
1355	PIRAEUS	214	134	8	864	142	1	4
1356	PORT SAID	215	136	6	438	142	1	2
1357	PORT SAID	215	136	13	451	149	1	2
1358	JEDDAH	216	140	0	426	140	1	2
1359	JEDDAH	216	140	7	439	147	1	2
1360	JEDDAH	216	140	4	655	144	1	3
1361	PORT KLANG	217	152	6	440	158	1	2
1362	PORT KLANG	217	152	13	453	165	1	2
1363	PORT KLANG	217	152	3	640	155	1	3
1364	PORT KLANG	217	152	10	657	162	1	3
1365	SHANGHAI	218	161	0	429	161	1	2
1366	SHANGHAI	218	161	7	442	168	1	2
1367	NINGBO	219	99	0	430	99	1	2
1368	NINGBO	219	99	7	443	106	1	2
1369	NINGBO	219	99	3	854	102	1	4
1370	XIAMEN	220	102	5	505	107	1	3
1371	XIAMEN	220	102	12	522	114	1	3
1372	SHEKOU	221	104	4	333	108	1	2
1373	SHEKOU	221	104	11	347	115	1	2
1374	SHEKOU	221	104	2	432	106	1	2
1375	SHEKOU	221	104	9	445	113	1	2
1376	SINGAPORE	222	108	4	433	112	1	2
1377	SINGAPORE	222	108	11	446	119	1	2
1378	SINGAPORE	222	108	1	748	109	1	4
1379	SINGAPORE	222	108	8	763	116	1	4
1380	SINGAPORE	222	108	4	858	112	1	4
1381	PORT SAID	223	124	4	412	128	1	2
1382	PORT SAID	223	124	11	425	135	1	2
1383	BEIRUT	224	126	6	637	132	1	3
1384	BEIRUT	224	126	13	654	139	1	3
1385	PIRAEUS	230	141	1	864	142	1	4
1386	PORT SAID	231	143	6	451	149	1	2
1387	JEDDAH	232	147	0	439	147	1	2
1388	JEDDAH	232	147	7	452	154	1	2
1389	PORT KLANG	233	159	6	453	165	1	2
1390	PORT KLANG	233	159	3	657	162	1	3
1391	SHANGHAI	234	168	0	442	168	1	2
1392	SHANGHAI	234	168	7	455	175	1	2
1393	NINGBO	235	106	0	443	106	1	2
1394	XIAMEN	236	109	5	522	114	1	3
1395	XIAMEN	236	109	12	539	121	1	3
1396	SHEKOU	237	111	4	347	115	1	2
1397	SHEKOU	237	111	11	361	122	1	2
1398	SHEKOU	237	111	2	445	113	1	2
1399	SINGAPORE	238	115	4	446	119	1	2
1400	SINGAPORE	238	115	1	763	116	1	4
1401	SINGAPORE	238	115	8	778	123	1	4
1402	PORT SAID	239	131	4	425	135	1	2
1403	PORT SAID	239	131	11	438	142	1	2
1404	BEIRUT	240	133	6	654	139	1	3
1405	JEDDAH	248	154	0	452	154	1	2
1406	SHANGHAI	250	175	0	455	175	1	2
1407	SHANGHAI	251	7	0	1	7	2	1
1408	SHANGHAI	251	7	7	18	14	2	1
1409	SHANGHAI	251	7	6	458	13	2	3
1410	SHANGHAI	251	7	13	475	20	2	3
1411	SHANGHAI	251	7	2	661	9	2	4
1412	SHANGHAI	251	7	9	676	16	2	4
1413	NINGBO	252	8	0	2	8	2	1
1414	NINGBO	252	8	7	19	15	2	1
1415	NINGBO	252	8	7	459	15	2	3
1416	NINGBO	252	8	3	662	11	2	4
1417	NINGBO	252	8	10	677	18	2	4
1418	BUSAN(KOREA)	253	11	6	474	17	2	3
1419	BUSAN(KOREA)	253	11	13	491	24	2	3
1420	SHEKOU	254	15	5	21	20	2	1
1421	SHEKOU	254	15	12	38	27	2	1
1422	SHEKOU	254	15	6	461	21	2	3
1423	SHEKOU	254	15	13	478	28	2	3
1424	SINGAPORE	255	21	3	22	24	2	1
1425	SINGAPORE	255	21	10	39	31	2	1
1426	SINGAPORE	255	21	4	462	25	2	3
1427	SINGAPORE	255	21	11	479	32	2	3
1428	SINGAPORE	255	21	0	666	21	2	4
1429	SINGAPORE	255	21	7	681	28	2	4
1430	PORT SAID	260	51	1	14	52	2	1
1431	PORT SAID	260	51	8	31	59	2	1
1432	PORT SAID	260	51	3	57	54	2	1
1433	PORT SAID	260	51	10	74	61	2	1
1434	JEDDAH	261	56	0	15	56	2	1
1435	JEDDAH	261	56	7	32	63	2	1
1436	JEDDAH	261	56	11	468	67	2	3
1437	PORT KLANG	262	67	1	16	68	2	1
1438	PORT KLANG	262	67	8	33	75	2	1
1439	SHEKOU	263	73	3	157	76	2	1
1440	SHEKOU	263	73	10	173	83	2	1
1441	SHEKOU	263	73	4	597	77	2	3
1442	SHEKOU	263	73	11	614	84	2	3
1443	SHANGHAI	264	77	0	17	77	2	1
1444	SHANGHAI	264	77	7	34	84	2	1
1445	SHANGHAI	264	77	6	628	83	2	3
1446	SHANGHAI	264	77	13	645	90	2	3
1447	SHANGHAI	264	77	2	811	79	2	4
1448	SHANGHAI	264	77	9	825	86	2	4
1449	SHANGHAI	265	14	0	18	14	2	1
1450	SHANGHAI	265	14	7	35	21	2	1
1451	SHANGHAI	265	14	6	475	20	2	3
1452	SHANGHAI	265	14	13	492	27	2	3
1453	SHANGHAI	265	14	2	676	16	2	4
1454	SHANGHAI	265	14	9	691	23	2	4
1455	NINGBO	266	15	0	19	15	2	1
1456	NINGBO	266	15	7	36	22	2	1
1457	NINGBO	266	15	0	459	15	2	3
1458	NINGBO	266	15	7	476	22	2	3
1459	NINGBO	266	15	3	677	18	2	4
1460	NINGBO	266	15	10	692	25	2	4
1461	BUSAN(KOREA)	267	18	6	491	24	2	3
1462	BUSAN(KOREA)	267	18	13	508	31	2	3
1463	SHEKOU	268	22	5	38	27	2	1
1464	SHEKOU	268	22	12	55	34	2	1
1465	SHEKOU	268	22	6	478	28	2	3
1466	SHEKOU	268	22	13	495	35	2	3
1467	SINGAPORE	269	28	3	39	31	2	1
1468	SINGAPORE	269	28	10	56	38	2	1
1469	SINGAPORE	269	28	4	479	32	2	3
1470	SINGAPORE	269	28	11	496	39	2	3
1471	SINGAPORE	269	28	0	681	28	2	4
1472	SINGAPORE	269	28	7	696	35	2	4
1473	PORT SAID	274	58	1	31	59	2	1
1474	PORT SAID	274	58	8	48	66	2	1
1475	PORT SAID	274	58	3	74	61	2	1
1476	PORT SAID	274	58	10	91	68	2	1
1477	JEDDAH	275	63	0	32	63	2	1
1478	JEDDAH	275	63	7	49	70	2	1
1479	JEDDAH	275	63	4	468	67	2	3
1480	JEDDAH	275	63	11	485	74	2	3
1481	PORT KLANG	276	74	1	33	75	2	1
1482	PORT KLANG	276	74	8	50	82	2	1
1483	PORT KLANG	276	74	11	470	85	2	3
1484	SHEKOU	277	80	3	173	83	2	1
1485	SHEKOU	277	80	10	189	90	2	1
1486	SHEKOU	277	80	4	614	84	2	3
1487	SHEKOU	277	80	11	631	91	2	3
1488	SHANGHAI	278	84	0	34	84	2	1
1489	SHANGHAI	278	84	7	51	91	2	1
1490	SHANGHAI	278	84	6	645	90	2	3
1491	SHANGHAI	278	84	2	825	86	2	4
1492	SHANGHAI	278	84	9	839	93	2	4
1493	SHANGHAI	279	21	0	35	21	2	1
1494	SHANGHAI	279	21	7	52	28	2	1
1495	SHANGHAI	279	21	6	492	27	2	3
1496	SHANGHAI	279	21	13	509	34	2	3
1497	SHANGHAI	279	21	2	691	23	2	4
1498	SHANGHAI	279	21	9	706	30	2	4
1499	NINGBO	280	22	0	36	22	2	1
1500	NINGBO	280	22	7	53	29	2	1
1501	NINGBO	280	22	0	476	22	2	3
1502	NINGBO	280	22	7	493	29	2	3
1503	NINGBO	280	22	3	692	25	2	4
1504	NINGBO	280	22	10	707	32	2	4
1505	BUSAN(KOREA)	281	25	6	508	31	2	3
1506	BUSAN(KOREA)	281	25	13	525	38	2	3
1507	SHEKOU	282	29	5	55	34	2	1
1508	SHEKOU	282	29	12	72	41	2	1
1509	SHEKOU	282	29	6	495	35	2	3
1510	SHEKOU	282	29	13	512	42	2	3
1511	SINGAPORE	283	35	3	56	38	2	1
1512	SINGAPORE	283	35	10	73	45	2	1
1513	SINGAPORE	283	35	4	496	39	2	3
1514	SINGAPORE	283	35	11	513	46	2	3
1515	SINGAPORE	283	35	0	696	35	2	4
1516	SINGAPORE	283	35	7	711	42	2	4
1517	PORT SAID	288	65	1	48	66	2	1
1518	PORT SAID	288	65	8	65	73	2	1
1519	PORT SAID	288	65	3	91	68	2	1
1520	PORT SAID	288	65	10	108	75	2	1
1521	JEDDAH	289	70	0	49	70	2	1
1522	JEDDAH	289	70	7	66	77	2	1
1523	JEDDAH	289	70	4	485	74	2	3
1524	JEDDAH	289	70	11	502	81	2	3
1525	PORT KLANG	290	81	1	50	82	2	1
1526	PORT KLANG	290	81	8	67	89	2	1
1527	PORT KLANG	290	81	4	470	85	2	3
1528	PORT KLANG	290	81	11	487	92	2	3
1529	SHEKOU	291	87	3	189	90	2	1
1530	SHEKOU	291	87	10	205	97	2	1
1531	SHEKOU	291	87	4	631	91	2	3
1532	SHEKOU	291	87	11	648	98	2	3
1533	SHANGHAI	292	91	0	51	91	2	1
1534	SHANGHAI	292	91	7	68	98	2	1
1535	SHANGHAI	292	91	2	839	93	2	4
1536	SHANGHAI	292	91	9	853	100	2	4
1537	SHANGHAI	293	28	0	52	28	2	1
1538	SHANGHAI	293	28	7	69	35	2	1
1539	SHANGHAI	293	28	6	509	34	2	3
1540	SHANGHAI	293	28	13	526	41	2	3
1541	SHANGHAI	293	28	2	706	30	2	4
1542	SHANGHAI	293	28	9	721	37	2	4
1543	NINGBO	294	29	0	53	29	2	1
1544	NINGBO	294	29	7	70	36	2	1
1545	NINGBO	294	29	0	493	29	2	3
1546	NINGBO	294	29	7	510	36	2	3
1547	NINGBO	294	29	3	707	32	2	4
1548	NINGBO	294	29	10	722	39	2	4
1549	BUSAN(KOREA)	295	32	6	525	38	2	3
1550	BUSAN(KOREA)	295	32	13	542	45	2	3
1551	SHEKOU	296	36	5	72	41	2	1
1552	SHEKOU	296	36	12	89	48	2	1
1553	SHEKOU	296	36	6	512	42	2	3
1554	SHEKOU	296	36	13	529	49	2	3
1555	SINGAPORE	297	42	3	73	45	2	1
1556	SINGAPORE	297	42	10	90	52	2	1
1557	SINGAPORE	297	42	4	513	46	2	3
1558	SINGAPORE	297	42	11	530	53	2	3
1559	SINGAPORE	297	42	0	711	42	2	4
1560	SINGAPORE	297	42	7	726	49	2	4
1561	PORT SAID	302	72	1	65	73	2	1
1562	PORT SAID	302	72	8	82	80	2	1
1563	PORT SAID	302	72	3	108	75	2	1
1564	PORT SAID	302	72	10	125	82	2	1
1565	JEDDAH	303	77	0	66	77	2	1
1566	JEDDAH	303	77	7	83	84	2	1
1567	JEDDAH	303	77	4	502	81	2	3
1568	JEDDAH	303	77	11	519	88	2	3
1569	PORT KLANG	304	88	1	67	89	2	1
1570	PORT KLANG	304	88	8	84	96	2	1
1571	PORT KLANG	304	88	4	487	92	2	3
1572	PORT KLANG	304	88	11	504	99	2	3
1573	SHEKOU	305	94	3	205	97	2	1
1574	SHEKOU	305	94	10	221	104	2	1
1575	SHEKOU	305	94	4	648	98	2	3
1576	SHANGHAI	306	98	0	68	98	2	1
1577	SHANGHAI	306	98	7	85	105	2	1
1578	SHANGHAI	306	98	2	853	100	2	4
1579	SHANGHAI	307	35	0	69	35	2	1
1580	SHANGHAI	307	35	7	86	42	2	1
1581	SHANGHAI	307	35	6	526	41	2	3
1582	SHANGHAI	307	35	13	543	48	2	3
1583	SHANGHAI	307	35	2	721	37	2	4
1584	SHANGHAI	307	35	9	736	44	2	4
1585	NINGBO	308	36	0	70	36	2	1
1586	NINGBO	308	36	7	87	43	2	1
1587	NINGBO	308	36	0	510	36	2	3
1588	NINGBO	308	36	7	527	43	2	3
1589	NINGBO	308	36	3	722	39	2	4
1590	NINGBO	308	36	10	737	46	2	4
1591	BUSAN(KOREA)	309	39	6	542	45	2	3
1592	BUSAN(KOREA)	309	39	13	559	52	2	3
1593	SHEKOU	310	43	5	89	48	2	1
1594	SHEKOU	310	43	12	106	55	2	1
1595	SHEKOU	310	43	6	529	49	2	3
1596	SHEKOU	310	43	13	546	56	2	3
1597	SINGAPORE	311	49	3	90	52	2	1
1598	SINGAPORE	311	49	10	107	59	2	1
1599	SINGAPORE	311	49	4	530	53	2	3
1600	SINGAPORE	311	49	11	547	60	2	3
1601	SINGAPORE	311	49	0	726	49	2	4
1602	SINGAPORE	311	49	7	741	56	2	4
1603	PORT SAID	316	79	1	82	80	2	1
1604	PORT SAID	316	79	8	99	87	2	1
1605	PORT SAID	316	79	3	125	82	2	1
1606	PORT SAID	316	79	10	142	89	2	1
1607	JEDDAH	317	84	0	83	84	2	1
1608	JEDDAH	317	84	7	100	91	2	1
1609	JEDDAH	317	84	4	519	88	2	3
1610	JEDDAH	317	84	11	536	95	2	3
1611	PORT KLANG	318	95	1	84	96	2	1
1612	PORT KLANG	318	95	8	101	103	2	1
1613	PORT KLANG	318	95	4	504	99	2	3
1614	PORT KLANG	318	95	11	521	106	2	3
1615	SHEKOU	319	101	3	221	104	2	1
1616	SHEKOU	319	101	10	237	111	2	1
1617	SHANGHAI	320	105	0	85	105	2	1
1618	SHANGHAI	320	105	7	102	112	2	1
1619	SHANGHAI	321	42	0	86	42	2	1
1620	SHANGHAI	321	42	7	103	49	2	1
1621	SHANGHAI	321	42	6	543	48	2	3
1622	SHANGHAI	321	42	13	560	55	2	3
1623	SHANGHAI	321	42	2	736	44	2	4
1624	SHANGHAI	321	42	9	751	51	2	4
1625	NINGBO	322	43	0	87	43	2	1
1626	NINGBO	322	43	7	104	50	2	1
1627	NINGBO	322	43	0	527	43	2	3
1628	NINGBO	322	43	7	544	50	2	3
1629	NINGBO	322	43	3	737	46	2	4
1630	NINGBO	322	43	10	752	53	2	4
1631	BUSAN(KOREA)	323	46	6	559	52	2	3
1632	BUSAN(KOREA)	323	46	13	576	59	2	3
1633	SHEKOU	324	50	5	106	55	2	1
1634	SHEKOU	324	50	12	123	62	2	1
1635	SHEKOU	324	50	6	546	56	2	3
1636	SHEKOU	324	50	13	563	63	2	3
1637	SINGAPORE	325	56	3	107	59	2	1
1638	SINGAPORE	325	56	10	124	66	2	1
1639	SINGAPORE	325	56	4	547	60	2	3
1640	SINGAPORE	325	56	11	564	67	2	3
1641	SINGAPORE	325	56	0	741	56	2	4
1642	SINGAPORE	325	56	7	756	63	2	4
1643	PORT SAID	330	86	1	99	87	2	1
1644	PORT SAID	330	86	8	116	94	2	1
1645	PORT SAID	330	86	3	142	89	2	1
1646	PORT SAID	330	86	10	159	96	2	1
1647	JEDDAH	331	91	0	100	91	2	1
1648	JEDDAH	331	91	7	117	98	2	1
1649	JEDDAH	331	91	4	536	95	2	3
1650	JEDDAH	331	91	11	553	102	2	3
1651	PORT KLANG	332	102	1	101	103	2	1
1652	PORT KLANG	332	102	8	118	110	2	1
1653	PORT KLANG	332	102	4	521	106	2	3
1654	PORT KLANG	332	102	11	538	113	2	3
1655	SHEKOU	333	108	3	237	111	2	1
1656	SHANGHAI	334	112	0	102	112	2	1
1657	SHANGHAI	334	112	7	119	119	2	1
1658	SHANGHAI	335	49	0	103	49	2	1
1659	SHANGHAI	335	49	7	120	56	2	1
1660	SHANGHAI	335	49	6	560	55	2	3
1661	SHANGHAI	335	49	13	577	62	2	3
1662	SHANGHAI	335	49	2	751	51	2	4
1663	SHANGHAI	335	49	9	766	58	2	4
1664	NINGBO	336	50	0	104	50	2	1
1665	NINGBO	336	50	7	121	57	2	1
1666	NINGBO	336	50	0	544	50	2	3
1667	NINGBO	336	50	7	561	57	2	3
1668	NINGBO	336	50	3	752	53	2	4
1669	NINGBO	336	50	10	767	60	2	4
1670	BUSAN(KOREA)	337	53	6	576	59	2	3
1671	BUSAN(KOREA)	337	53	13	593	66	2	3
1672	SHEKOU	338	57	5	123	62	2	1
1673	SHEKOU	338	57	12	140	69	2	1
1674	SHEKOU	338	57	6	563	63	2	3
1675	SHEKOU	338	57	13	580	70	2	3
1676	SINGAPORE	339	63	3	124	66	2	1
1677	SINGAPORE	339	63	10	141	73	2	1
1678	SINGAPORE	339	63	4	564	67	2	3
1679	SINGAPORE	339	63	11	581	74	2	3
1680	SINGAPORE	339	63	11	673	74	2	4
1681	SINGAPORE	339	63	0	756	63	2	4
1682	SINGAPORE	339	63	7	771	70	2	4
1683	PORT SAID	344	93	1	116	94	2	1
1684	PORT SAID	344	93	8	133	101	2	1
1685	PORT SAID	344	93	3	159	96	2	1
1686	PORT SAID	344	93	10	175	103	2	1
1687	JEDDAH	345	98	0	117	98	2	1
1688	JEDDAH	345	98	7	134	105	2	1
1689	JEDDAH	345	98	4	553	102	2	3
1690	JEDDAH	345	98	11	570	109	2	3
1691	PORT KLANG	346	109	1	118	110	2	1
1692	PORT KLANG	346	109	8	135	117	2	1
1693	PORT KLANG	346	109	4	538	113	2	3
1694	PORT KLANG	346	109	11	555	120	2	3
1695	SHANGHAI	348	119	0	119	119	2	1
1696	SHANGHAI	348	119	7	136	126	2	1
1697	SHANGHAI	349	56	0	120	56	2	1
1698	SHANGHAI	349	56	7	137	63	2	1
1699	SHANGHAI	349	56	6	577	62	2	3
1700	SHANGHAI	349	56	13	594	69	2	3
1701	SHANGHAI	349	56	2	766	58	2	4
1702	SHANGHAI	349	56	9	781	65	2	4
1703	NINGBO	350	57	0	121	57	2	1
1704	NINGBO	350	57	7	138	64	2	1
1705	NINGBO	350	57	0	561	57	2	3
1706	NINGBO	350	57	7	578	64	2	3
1707	NINGBO	350	57	3	767	60	2	4
1708	NINGBO	350	57	10	782	67	2	4
1709	BUSAN(KOREA)	351	60	6	593	66	2	3
1710	BUSAN(KOREA)	351	60	13	610	73	2	3
1711	SHEKOU	352	64	5	140	69	2	1
1712	SHEKOU	352	64	12	157	76	2	1
1713	SHEKOU	352	64	6	580	70	2	3
1714	SHEKOU	352	64	13	597	77	2	3
1715	SINGAPORE	353	70	3	141	73	2	1
1716	SINGAPORE	353	70	10	158	80	2	1
1717	SINGAPORE	353	70	4	581	74	2	3
1718	SINGAPORE	353	70	11	598	81	2	3
1719	SINGAPORE	353	70	4	673	74	2	4
1720	SINGAPORE	353	70	11	688	81	2	4
1721	SINGAPORE	353	70	0	771	70	2	4
1722	SINGAPORE	353	70	7	786	77	2	4
1723	PORT SAID	358	100	1	133	101	2	1
1724	PORT SAID	358	100	8	150	108	2	1
1725	PORT SAID	358	100	3	175	103	2	1
1726	PORT SAID	358	100	10	191	110	2	1
1727	JEDDAH	359	105	0	134	105	2	1
1728	JEDDAH	359	105	7	151	112	2	1
1729	JEDDAH	359	105	4	570	109	2	3
1730	JEDDAH	359	105	11	587	116	2	3
1731	PORT KLANG	360	116	1	135	117	2	1
1732	PORT KLANG	360	116	8	152	124	2	1
1733	PORT KLANG	360	116	4	555	120	2	3
1734	PORT KLANG	360	116	11	572	127	2	3
1735	SHANGHAI	362	126	0	136	126	2	1
1736	SHANGHAI	362	126	7	153	133	2	1
1737	SHANGHAI	363	63	0	137	63	2	1
1738	SHANGHAI	363	63	7	154	70	2	1
1739	SHANGHAI	363	63	6	594	69	2	3
1740	SHANGHAI	363	63	13	611	76	2	3
1741	SHANGHAI	363	63	2	781	65	2	4
1742	SHANGHAI	363	63	9	796	72	2	4
1743	NINGBO	364	64	0	138	64	2	1
1744	NINGBO	364	64	7	155	71	2	1
1745	NINGBO	364	64	0	578	64	2	3
1746	NINGBO	364	64	7	595	71	2	3
1747	NINGBO	364	64	3	782	67	2	4
1748	NINGBO	364	64	10	797	74	2	4
1749	BUSAN(KOREA)	365	67	6	610	73	2	3
1750	BUSAN(KOREA)	365	67	13	627	80	2	3
1751	SHEKOU	366	71	5	157	76	2	1
1752	SHEKOU	366	71	12	173	83	2	1
1753	SHEKOU	366	71	6	597	77	2	3
1754	SHEKOU	366	71	13	614	84	2	3
1755	SINGAPORE	367	77	3	158	80	2	1
1756	SINGAPORE	367	77	10	174	87	2	1
1757	SINGAPORE	367	77	4	598	81	2	3
1758	SINGAPORE	367	77	11	615	88	2	3
1759	SINGAPORE	367	77	4	688	81	2	4
1760	SINGAPORE	367	77	11	703	88	2	4
1761	SINGAPORE	367	77	0	786	77	2	4
1762	SINGAPORE	367	77	7	801	84	2	4
1763	PORT SAID	372	107	1	150	108	2	1
1764	PORT SAID	372	107	8	167	115	2	1
1765	PORT SAID	372	107	3	191	110	2	1
1766	PORT SAID	372	107	10	207	117	2	1
1767	JEDDAH	373	112	0	151	112	2	1
1768	JEDDAH	373	112	7	168	119	2	1
1769	JEDDAH	373	112	4	587	116	2	3
1770	JEDDAH	373	112	11	604	123	2	3
1771	PORT KLANG	374	123	1	152	124	2	1
1772	PORT KLANG	374	123	8	169	131	2	1
1773	PORT KLANG	374	123	4	572	127	2	3
1774	PORT KLANG	374	123	11	589	134	2	3
1775	SHANGHAI	376	133	0	153	133	2	1
1776	SHANGHAI	376	133	7	170	140	2	1
1777	SHANGHAI	377	70	7	17	77	2	1
1778	SHANGHAI	377	70	0	154	70	2	1
1779	SHANGHAI	377	70	6	611	76	2	3
1780	SHANGHAI	377	70	13	628	83	2	3
1781	SHANGHAI	377	70	2	796	72	2	4
1782	SHANGHAI	377	70	9	811	79	2	4
1783	NINGBO	378	71	0	155	71	2	1
1784	NINGBO	378	71	7	171	78	2	1
1785	NINGBO	378	71	0	595	71	2	3
1786	NINGBO	378	71	7	612	78	2	3
1787	NINGBO	378	71	3	797	74	2	4
1788	NINGBO	378	71	10	812	81	2	4
1789	BUSAN(KOREA)	379	74	6	627	80	2	3
1790	BUSAN(KOREA)	379	74	13	644	87	2	3
1791	SHEKOU	380	78	5	173	83	2	1
1792	SHEKOU	380	78	12	189	90	2	1
1793	SHEKOU	380	78	6	614	84	2	3
1794	SHEKOU	380	78	13	631	91	2	3
1795	SINGAPORE	381	84	3	174	87	2	1
1796	SINGAPORE	381	84	10	190	94	2	1
1797	SINGAPORE	381	84	4	615	88	2	3
1798	SINGAPORE	381	84	11	632	95	2	3
1799	SINGAPORE	381	84	4	703	88	2	4
1800	SINGAPORE	381	84	11	718	95	2	4
1801	SINGAPORE	381	84	0	801	84	2	4
1802	SINGAPORE	381	84	7	816	91	2	4
1803	PORT SAID	386	114	1	167	115	2	1
1804	PORT SAID	386	114	8	183	122	2	1
1805	PORT SAID	386	114	3	207	117	2	1
1806	PORT SAID	386	114	10	223	124	2	1
1807	JEDDAH	387	119	0	168	119	2	1
1808	JEDDAH	387	119	7	184	126	2	1
1809	JEDDAH	387	119	4	604	123	2	3
1810	JEDDAH	387	119	11	621	130	2	3
1811	PORT KLANG	388	130	1	169	131	2	1
1812	PORT KLANG	388	130	8	185	138	2	1
1813	PORT KLANG	388	130	4	589	134	2	3
1814	PORT KLANG	388	130	11	606	141	2	3
1815	SHANGHAI	390	140	0	170	140	2	1
1816	SHANGHAI	390	140	7	186	147	2	1
1817	NINGBO	391	78	0	171	78	2	1
1818	NINGBO	391	78	7	187	85	2	1
1819	NINGBO	391	78	0	612	78	2	3
1820	NINGBO	391	78	7	629	85	2	3
1821	NINGBO	391	78	3	812	81	2	4
1822	NINGBO	391	78	10	826	88	2	4
1823	BUSAN(KOREA)	392	81	6	644	87	2	3
1824	SHEKOU	393	85	5	189	90	2	1
1825	SHEKOU	393	85	12	205	97	2	1
1826	SHEKOU	393	85	6	631	91	2	3
1827	SHEKOU	393	85	13	648	98	2	3
1828	SINGAPORE	394	91	3	190	94	2	1
1829	SINGAPORE	394	91	10	206	101	2	1
1830	SINGAPORE	394	91	4	632	95	2	3
1831	SINGAPORE	394	91	11	649	102	2	3
1832	SINGAPORE	394	91	4	718	95	2	4
1833	SINGAPORE	394	91	11	733	102	2	4
1834	SINGAPORE	394	91	0	816	91	2	4
1835	SINGAPORE	394	91	7	830	98	2	4
1836	PORT SAID	399	121	1	183	122	2	1
1837	PORT SAID	399	121	8	199	129	2	1
1838	PORT SAID	399	121	3	223	124	2	1
1839	PORT SAID	399	121	10	239	131	2	1
1840	JEDDAH	400	126	0	184	126	2	1
1841	JEDDAH	400	126	7	200	133	2	1
1842	JEDDAH	400	126	4	621	130	2	3
1843	JEDDAH	400	126	11	638	137	2	3
1844	PORT KLANG	401	137	1	185	138	2	1
1845	PORT KLANG	401	137	8	201	145	2	1
1846	PORT KLANG	401	137	4	606	141	2	3
1847	PORT KLANG	401	137	11	623	148	2	3
1848	SHANGHAI	403	147	0	186	147	2	1
1849	SHANGHAI	403	147	7	202	154	2	1
1850	NINGBO	404	85	0	187	85	2	1
1851	NINGBO	404	85	7	203	92	2	1
1852	NINGBO	404	85	0	629	85	2	3
1853	NINGBO	404	85	7	646	92	2	3
1854	NINGBO	404	85	3	826	88	2	4
1855	NINGBO	404	85	10	840	95	2	4
1856	SHEKOU	406	92	5	205	97	2	1
1857	SHEKOU	406	92	12	221	104	2	1
1858	SHEKOU	406	92	6	648	98	2	3
1859	SINGAPORE	407	98	3	206	101	2	1
1860	SINGAPORE	407	98	10	222	108	2	1
1861	SINGAPORE	407	98	4	649	102	2	3
1862	SINGAPORE	407	98	4	733	102	2	4
1863	SINGAPORE	407	98	11	748	109	2	4
1864	SINGAPORE	407	98	0	830	98	2	4
1865	SINGAPORE	407	98	7	844	105	2	4
1866	PORT SAID	412	128	1	199	129	2	1
1867	PORT SAID	412	128	8	215	136	2	1
1868	PORT SAID	412	128	3	239	131	2	1
1869	JEDDAH	413	133	0	200	133	2	1
1870	JEDDAH	413	133	7	216	140	2	1
1871	JEDDAH	413	133	4	638	137	2	3
1872	JEDDAH	413	133	11	655	144	2	3
1873	PORT KLANG	414	144	1	201	145	2	1
1874	PORT KLANG	414	144	8	217	152	2	1
1875	PORT KLANG	414	144	4	623	148	2	3
1876	PORT KLANG	414	144	11	640	155	2	3
1877	SHANGHAI	416	154	0	202	154	2	1
1878	SHANGHAI	416	154	7	218	161	2	1
1879	NINGBO	417	92	0	203	92	2	1
1880	NINGBO	417	92	7	219	99	2	1
1881	NINGBO	417	92	0	646	92	2	3
1882	NINGBO	417	92	3	840	95	2	4
1883	NINGBO	417	92	10	854	102	2	4
1884	SHEKOU	419	99	5	221	104	2	1
1885	SHEKOU	419	99	12	237	111	2	1
1886	SINGAPORE	420	105	3	222	108	2	1
1887	SINGAPORE	420	105	10	238	115	2	1
1888	SINGAPORE	420	105	4	748	109	2	4
1889	SINGAPORE	420	105	11	763	116	2	4
1890	SINGAPORE	420	105	0	844	105	2	4
1891	SINGAPORE	420	105	7	858	112	2	4
1892	PORT SAID	425	135	1	215	136	2	1
1893	PORT SAID	425	135	8	231	143	2	1
1894	JEDDAH	426	140	0	216	140	2	1
1895	JEDDAH	426	140	7	232	147	2	1
1896	JEDDAH	426	140	4	655	144	2	3
1897	PORT KLANG	427	151	1	217	152	2	1
1898	PORT KLANG	427	151	8	233	159	2	1
1899	PORT KLANG	427	151	4	640	155	2	3
1900	PORT KLANG	427	151	11	657	162	2	3
1901	SHANGHAI	429	161	0	218	161	2	1
1902	SHANGHAI	429	161	7	234	168	2	1
1903	NINGBO	430	99	0	219	99	2	1
1904	NINGBO	430	99	7	235	106	2	1
1905	NINGBO	430	99	3	854	102	2	4
1906	SHEKOU	432	106	5	237	111	2	1
1907	SINGAPORE	433	112	3	238	115	2	1
1908	SINGAPORE	433	112	4	763	116	2	4
1909	SINGAPORE	433	112	11	778	123	2	4
1910	SINGAPORE	433	112	0	858	112	2	4
1911	PORT SAID	438	142	1	231	143	2	1
1912	PORT SAID	438	142	8	247	150	2	1
1913	JEDDAH	439	147	0	232	147	2	1
1914	JEDDAH	439	147	7	248	154	2	1
1915	PORT KLANG	440	158	1	233	159	2	1
1916	PORT KLANG	440	158	8	249	166	2	1
1917	PORT KLANG	440	158	4	657	162	2	3
1918	SHANGHAI	442	168	0	234	168	2	1
1919	SHANGHAI	442	168	7	250	175	2	1
1920	NINGBO	443	106	0	235	106	2	1
1921	SINGAPORE	446	119	4	778	123	2	4
1922	SINGAPORE	446	119	11	793	130	2	4
1923	PORT SAID	451	149	1	247	150	2	1
1924	JEDDAH	452	154	0	248	154	2	1
1925	PORT KLANG	453	165	1	249	166	2	1
1926	SHANGHAI	455	175	0	250	175	2	1
1927	QINGDAO	456	7	0	660	7	3	4
1928	QINGDAO	456	7	7	675	14	3	4
1929	BUSAN(KOREA)	457	10	1	253	11	3	2
1930	BUSAN(KOREA)	457	10	8	267	18	3	2
1931	SHANGHAI	458	13	1	18	14	3	1
1932	SHANGHAI	458	13	8	35	21	3	1
1933	SHANGHAI	458	13	1	265	14	3	2
1934	SHANGHAI	458	13	8	279	21	3	2
1935	SHANGHAI	458	13	3	676	16	3	4
1936	SHANGHAI	458	13	10	691	23	3	4
1937	NINGBO	459	15	0	19	15	3	1
1938	NINGBO	459	15	7	36	22	3	1
1939	NINGBO	459	15	0	266	15	3	2
1940	NINGBO	459	15	7	280	22	3	2
1941	NINGBO	459	15	3	677	18	3	4
1942	NINGBO	459	15	10	692	25	3	4
1943	SHEKOU	461	21	6	38	27	3	1
1944	SHEKOU	461	21	13	55	34	3	1
1945	SHEKOU	461	21	1	268	22	3	2
1946	SHEKOU	461	21	8	282	29	3	2
1947	SINGAPORE	462	25	6	39	31	3	1
1948	SINGAPORE	462	25	13	56	38	3	1
1949	SINGAPORE	462	25	3	269	28	3	2
1950	SINGAPORE	462	25	10	283	35	3	2
1951	SINGAPORE	462	25	3	681	28	3	4
1952	SINGAPORE	462	25	10	696	35	3	4
1953	VALENCIA	463	45	1	671	46	3	4
1954	VALENCIA	463	45	8	686	53	3	4
1955	FOS SUR MER	465	50	1	685	51	3	4
1956	FOS SUR MER	465	50	8	700	58	3	4
1957	GENOA	466	53	2	699	55	3	4
1958	GENOA	466	53	9	714	62	3	4
1959	BEIRUT	467	62	1	75	63	3	1
1960	BEIRUT	467	62	8	92	70	3	1
1961	JEDDAH	468	67	3	49	70	3	1
1962	JEDDAH	468	67	10	66	77	3	1
1963	JEDDAH	468	67	3	289	70	3	2
1964	JEDDAH	468	67	10	303	77	3	2
1965	PORT KLANG	470	85	4	67	89	3	1
1966	PORT KLANG	470	85	11	84	96	3	1
1967	PORT KLANG	470	85	3	304	88	3	2
1968	PORT KLANG	470	85	10	318	95	3	2
1969	XIAMEN	471	93	2	204	95	3	1
1970	XIAMEN	471	93	9	220	102	3	1
1971	QINGDAO	472	98	0	704	98	3	4
1972	QINGDAO	472	98	7	719	105	3	4
1973	QINGDAO	473	14	0	675	14	3	4
1974	QINGDAO	473	14	7	690	21	3	4
1975	BUSAN(KOREA)	474	17	1	267	18	3	2
1976	BUSAN(KOREA)	474	17	8	281	25	3	2
1977	SHANGHAI	475	20	1	35	21	3	1
1978	SHANGHAI	475	20	8	52	28	3	1
1979	SHANGHAI	475	20	1	279	21	3	2
1980	SHANGHAI	475	20	8	293	28	3	2
1981	SHANGHAI	475	20	3	691	23	3	4
1982	SHANGHAI	475	20	10	706	30	3	4
1983	NINGBO	476	22	0	36	22	3	1
1984	NINGBO	476	22	7	53	29	3	1
1985	NINGBO	476	22	0	280	22	3	2
1986	NINGBO	476	22	7	294	29	3	2
1987	NINGBO	476	22	3	692	25	3	4
1988	NINGBO	476	22	10	707	32	3	4
1989	SHEKOU	478	28	6	55	34	3	1
1990	SHEKOU	478	28	13	72	41	3	1
1991	SHEKOU	478	28	1	282	29	3	2
1992	SHEKOU	478	28	8	296	36	3	2
1993	SINGAPORE	479	32	6	56	38	3	1
1994	SINGAPORE	479	32	13	73	45	3	1
1995	SINGAPORE	479	32	3	283	35	3	2
1996	SINGAPORE	479	32	10	297	42	3	2
1997	SINGAPORE	479	32	3	696	35	3	4
1998	SINGAPORE	479	32	10	711	42	3	4
1999	VALENCIA	480	52	1	686	53	3	4
2000	VALENCIA	480	52	8	701	60	3	4
2001	FOS SUR MER	482	57	1	700	58	3	4
2002	FOS SUR MER	482	57	8	715	65	3	4
2003	GENOA	483	60	2	714	62	3	4
2004	GENOA	483	60	9	729	69	3	4
2005	BEIRUT	484	69	1	92	70	3	1
2006	BEIRUT	484	69	8	109	77	3	1
2007	JEDDAH	485	74	3	66	77	3	1
2008	JEDDAH	485	74	10	83	84	3	1
2009	JEDDAH	485	74	3	303	77	3	2
2010	JEDDAH	485	74	10	317	84	3	2
2011	PORT KLANG	487	92	4	84	96	3	1
2012	PORT KLANG	487	92	11	101	103	3	1
2013	PORT KLANG	487	92	3	318	95	3	2
2014	PORT KLANG	487	92	10	332	102	3	2
2015	XIAMEN	488	100	2	220	102	3	1
2016	XIAMEN	488	100	9	236	109	3	1
2017	QINGDAO	489	105	0	719	105	3	4
2018	QINGDAO	489	105	7	734	112	3	4
2019	QINGDAO	490	21	0	690	21	3	4
2020	QINGDAO	490	21	7	705	28	3	4
2021	BUSAN(KOREA)	491	24	1	281	25	3	2
2022	BUSAN(KOREA)	491	24	8	295	32	3	2
2023	SHANGHAI	492	27	1	52	28	3	1
2024	SHANGHAI	492	27	8	69	35	3	1
2025	SHANGHAI	492	27	1	293	28	3	2
2026	SHANGHAI	492	27	8	307	35	3	2
2027	SHANGHAI	492	27	3	706	30	3	4
2028	SHANGHAI	492	27	10	721	37	3	4
2029	NINGBO	493	29	0	53	29	3	1
2030	NINGBO	493	29	7	70	36	3	1
2031	NINGBO	493	29	0	294	29	3	2
2032	NINGBO	493	29	7	308	36	3	2
2033	NINGBO	493	29	3	707	32	3	4
2034	NINGBO	493	29	10	722	39	3	4
2035	SHEKOU	495	35	6	72	41	3	1
2036	SHEKOU	495	35	13	89	48	3	1
2037	SHEKOU	495	35	1	296	36	3	2
2038	SHEKOU	495	35	8	310	43	3	2
2039	SINGAPORE	496	39	6	73	45	3	1
2040	SINGAPORE	496	39	13	90	52	3	1
2041	SINGAPORE	496	39	3	297	42	3	2
2042	SINGAPORE	496	39	10	311	49	3	2
2043	SINGAPORE	496	39	3	711	42	3	4
2044	SINGAPORE	496	39	10	726	49	3	4
2045	VALENCIA	497	59	1	701	60	3	4
2046	VALENCIA	497	59	8	716	67	3	4
2047	FOS SUR MER	499	64	1	715	65	3	4
2048	FOS SUR MER	499	64	8	730	72	3	4
2049	GENOA	500	67	2	729	69	3	4
2050	GENOA	500	67	9	744	76	3	4
2051	BEIRUT	501	76	1	109	77	3	1
2052	BEIRUT	501	76	8	126	84	3	1
2053	JEDDAH	502	81	3	83	84	3	1
2054	JEDDAH	502	81	10	100	91	3	1
2055	JEDDAH	502	81	3	317	84	3	2
2056	JEDDAH	502	81	10	331	91	3	2
2057	PORT KLANG	504	99	4	101	103	3	1
2058	PORT KLANG	504	99	11	118	110	3	1
2059	PORT KLANG	504	99	3	332	102	3	2
2060	PORT KLANG	504	99	10	346	109	3	2
2061	XIAMEN	505	107	2	236	109	3	1
2062	QINGDAO	506	112	0	734	112	3	4
2063	QINGDAO	506	112	7	749	119	3	4
2064	QINGDAO	507	28	0	705	28	3	4
2065	QINGDAO	507	28	7	720	35	3	4
2066	BUSAN(KOREA)	508	31	1	295	32	3	2
2067	BUSAN(KOREA)	508	31	8	309	39	3	2
2068	SHANGHAI	509	34	1	69	35	3	1
2069	SHANGHAI	509	34	8	86	42	3	1
2070	SHANGHAI	509	34	1	307	35	3	2
2071	SHANGHAI	509	34	8	321	42	3	2
2072	SHANGHAI	509	34	3	721	37	3	4
2073	SHANGHAI	509	34	10	736	44	3	4
2074	NINGBO	510	36	0	70	36	3	1
2075	NINGBO	510	36	7	87	43	3	1
2076	NINGBO	510	36	0	308	36	3	2
2077	NINGBO	510	36	7	322	43	3	2
2078	NINGBO	510	36	3	722	39	3	4
2079	NINGBO	510	36	10	737	46	3	4
2080	SHEKOU	512	42	6	89	48	3	1
2081	SHEKOU	512	42	13	106	55	3	1
2082	SHEKOU	512	42	1	310	43	3	2
2083	SHEKOU	512	42	8	324	50	3	2
2084	SINGAPORE	513	46	6	90	52	3	1
2085	SINGAPORE	513	46	13	107	59	3	1
2086	SINGAPORE	513	46	3	311	49	3	2
2087	SINGAPORE	513	46	10	325	56	3	2
2088	SINGAPORE	513	46	3	726	49	3	4
2089	SINGAPORE	513	46	10	741	56	3	4
2090	VALENCIA	514	66	1	716	67	3	4
2091	VALENCIA	514	66	8	731	74	3	4
2092	FOS SUR MER	516	71	1	730	72	3	4
2093	FOS SUR MER	516	71	8	745	79	3	4
2094	GENOA	517	74	2	744	76	3	4
2095	GENOA	517	74	9	759	83	3	4
2096	BEIRUT	518	83	1	126	84	3	1
2097	BEIRUT	518	83	8	143	91	3	1
2098	JEDDAH	519	88	3	100	91	3	1
2099	JEDDAH	519	88	10	117	98	3	1
2100	JEDDAH	519	88	3	331	91	3	2
2101	JEDDAH	519	88	10	345	98	3	2
2102	PORT KLANG	521	106	4	118	110	3	1
2103	PORT KLANG	521	106	11	135	117	3	1
2104	PORT KLANG	521	106	3	346	109	3	2
2105	PORT KLANG	521	106	10	360	116	3	2
2106	QINGDAO	523	119	0	749	119	3	4
2107	QINGDAO	523	119	7	764	126	3	4
2108	QINGDAO	524	35	0	720	35	3	4
2109	QINGDAO	524	35	7	735	42	3	4
2110	BUSAN(KOREA)	525	38	1	309	39	3	2
2111	BUSAN(KOREA)	525	38	8	323	46	3	2
2112	SHANGHAI	526	41	1	86	42	3	1
2113	SHANGHAI	526	41	8	103	49	3	1
2114	SHANGHAI	526	41	1	321	42	3	2
2115	SHANGHAI	526	41	8	335	49	3	2
2116	SHANGHAI	526	41	3	736	44	3	4
2117	SHANGHAI	526	41	10	751	51	3	4
2118	NINGBO	527	43	0	87	43	3	1
2119	NINGBO	527	43	7	104	50	3	1
2120	NINGBO	527	43	0	322	43	3	2
2121	NINGBO	527	43	7	336	50	3	2
2122	NINGBO	527	43	3	737	46	3	4
2123	NINGBO	527	43	10	752	53	3	4
2124	SHEKOU	529	49	6	106	55	3	1
2125	SHEKOU	529	49	13	123	62	3	1
2126	SHEKOU	529	49	1	324	50	3	2
2127	SHEKOU	529	49	8	338	57	3	2
2128	SINGAPORE	530	53	6	107	59	3	1
2129	SINGAPORE	530	53	13	124	66	3	1
2130	SINGAPORE	530	53	3	325	56	3	2
2131	SINGAPORE	530	53	10	339	63	3	2
2132	SINGAPORE	530	53	3	741	56	3	4
2133	SINGAPORE	530	53	10	756	63	3	4
2134	VALENCIA	531	73	1	731	74	3	4
2135	VALENCIA	531	73	8	746	81	3	4
2136	FOS SUR MER	533	78	1	745	79	3	4
2137	FOS SUR MER	533	78	8	760	86	3	4
2138	GENOA	534	81	2	759	83	3	4
2139	GENOA	534	81	9	774	90	3	4
2140	BEIRUT	535	90	1	143	91	3	1
2141	BEIRUT	535	90	8	160	98	3	1
2142	JEDDAH	536	95	3	117	98	3	1
2143	JEDDAH	536	95	10	134	105	3	1
2144	JEDDAH	536	95	3	345	98	3	2
2145	JEDDAH	536	95	10	359	105	3	2
2146	PORT KLANG	538	113	4	135	117	3	1
2147	PORT KLANG	538	113	11	152	124	3	1
2148	PORT KLANG	538	113	3	360	116	3	2
2149	PORT KLANG	538	113	10	374	123	3	2
2150	QINGDAO	540	126	0	764	126	3	4
2151	QINGDAO	540	126	7	779	133	3	4
2152	QINGDAO	541	42	0	735	42	3	4
2153	QINGDAO	541	42	7	750	49	3	4
2154	BUSAN(KOREA)	542	45	1	323	46	3	2
2155	BUSAN(KOREA)	542	45	8	337	53	3	2
2156	SHANGHAI	543	48	1	103	49	3	1
2157	SHANGHAI	543	48	8	120	56	3	1
2158	SHANGHAI	543	48	1	335	49	3	2
2159	SHANGHAI	543	48	8	349	56	3	2
2160	SHANGHAI	543	48	3	751	51	3	4
2161	SHANGHAI	543	48	10	766	58	3	4
2162	NINGBO	544	50	0	104	50	3	1
2163	NINGBO	544	50	7	121	57	3	1
2164	NINGBO	544	50	0	336	50	3	2
2165	NINGBO	544	50	7	350	57	3	2
2166	NINGBO	544	50	3	752	53	3	4
2167	NINGBO	544	50	10	767	60	3	4
2168	SHEKOU	546	56	6	123	62	3	1
2169	SHEKOU	546	56	13	140	69	3	1
2170	SHEKOU	546	56	1	338	57	3	2
2171	SHEKOU	546	56	8	352	64	3	2
2172	SINGAPORE	547	60	6	124	66	3	1
2173	SINGAPORE	547	60	13	141	73	3	1
2174	SINGAPORE	547	60	3	339	63	3	2
2175	SINGAPORE	547	60	10	353	70	3	2
2176	SINGAPORE	547	60	3	756	63	3	4
2177	SINGAPORE	547	60	10	771	70	3	4
2178	VALENCIA	548	80	1	746	81	3	4
2179	VALENCIA	548	80	8	761	88	3	4
2180	FOS SUR MER	550	85	1	760	86	3	4
2181	FOS SUR MER	550	85	8	775	93	3	4
2182	GENOA	551	88	2	774	90	3	4
2183	GENOA	551	88	9	789	97	3	4
2184	BEIRUT	552	97	1	160	98	3	1
2185	BEIRUT	552	97	8	176	105	3	1
2186	JEDDAH	553	102	3	134	105	3	1
2187	JEDDAH	553	102	10	151	112	3	1
2188	JEDDAH	553	102	3	359	105	3	2
2189	JEDDAH	553	102	10	373	112	3	2
2190	PORT KLANG	555	120	4	152	124	3	1
2191	PORT KLANG	555	120	11	169	131	3	1
2192	PORT KLANG	555	120	3	374	123	3	2
2193	PORT KLANG	555	120	10	388	130	3	2
2194	QINGDAO	557	133	0	779	133	3	4
2195	QINGDAO	557	133	7	794	140	3	4
2196	QINGDAO	558	49	0	750	49	3	4
2197	QINGDAO	558	49	7	765	56	3	4
2198	BUSAN(KOREA)	559	52	1	337	53	3	2
2199	BUSAN(KOREA)	559	52	8	351	60	3	2
2200	SHANGHAI	560	55	1	120	56	3	1
2201	SHANGHAI	560	55	8	137	63	3	1
2202	SHANGHAI	560	55	1	349	56	3	2
2203	SHANGHAI	560	55	8	363	63	3	2
2204	SHANGHAI	560	55	3	766	58	3	4
2205	SHANGHAI	560	55	10	781	65	3	4
2206	NINGBO	561	57	0	121	57	3	1
2207	NINGBO	561	57	7	138	64	3	1
2208	NINGBO	561	57	0	350	57	3	2
2209	NINGBO	561	57	7	364	64	3	2
2210	NINGBO	561	57	3	767	60	3	4
2211	NINGBO	561	57	10	782	67	3	4
2212	SHEKOU	563	63	6	140	69	3	1
2213	SHEKOU	563	63	13	157	76	3	1
2214	SHEKOU	563	63	10	263	73	3	2
2215	SHEKOU	563	63	1	352	64	3	2
2216	SHEKOU	563	63	8	366	71	3	2
2217	SINGAPORE	564	67	6	141	73	3	1
2218	SINGAPORE	564	67	13	158	80	3	1
2219	SINGAPORE	564	67	3	353	70	3	2
2220	SINGAPORE	564	67	10	367	77	3	2
2221	SINGAPORE	564	67	7	673	74	3	4
2222	SINGAPORE	564	67	3	771	70	3	4
2223	SINGAPORE	564	67	10	786	77	3	4
2224	VALENCIA	565	87	1	761	88	3	4
2225	VALENCIA	565	87	8	776	95	3	4
2226	FOS SUR MER	567	92	1	775	93	3	4
2227	FOS SUR MER	567	92	8	790	100	3	4
2228	GENOA	568	95	2	789	97	3	4
2229	GENOA	568	95	9	804	104	3	4
2230	BEIRUT	569	104	1	176	105	3	1
2231	BEIRUT	569	104	8	192	112	3	1
2232	JEDDAH	570	109	3	151	112	3	1
2233	JEDDAH	570	109	10	168	119	3	1
2234	JEDDAH	570	109	3	373	112	3	2
2235	JEDDAH	570	109	10	387	119	3	2
2236	PORT KLANG	572	127	4	169	131	3	1
2237	PORT KLANG	572	127	11	185	138	3	1
2238	PORT KLANG	572	127	3	388	130	3	2
2239	PORT KLANG	572	127	10	401	137	3	2
2240	QINGDAO	574	140	0	794	140	3	4
2241	QINGDAO	574	140	7	809	147	3	4
2242	QINGDAO	575	56	0	765	56	3	4
2243	QINGDAO	575	56	7	780	63	3	4
2244	BUSAN(KOREA)	576	59	1	351	60	3	2
2245	BUSAN(KOREA)	576	59	8	365	67	3	2
2246	SHANGHAI	577	62	1	137	63	3	1
2247	SHANGHAI	577	62	8	154	70	3	1
2248	SHANGHAI	577	62	1	363	63	3	2
2249	SHANGHAI	577	62	8	377	70	3	2
2250	SHANGHAI	577	62	3	781	65	3	4
2251	SHANGHAI	577	62	10	796	72	3	4
2252	NINGBO	578	64	0	138	64	3	1
2253	NINGBO	578	64	7	155	71	3	1
2254	NINGBO	578	64	0	364	64	3	2
2255	NINGBO	578	64	7	378	71	3	2
2256	NINGBO	578	64	3	782	67	3	4
2257	NINGBO	578	64	10	797	74	3	4
2258	SHEKOU	580	70	6	157	76	3	1
2259	SHEKOU	580	70	13	173	83	3	1
2260	SHEKOU	580	70	3	263	73	3	2
2261	SHEKOU	580	70	10	277	80	3	2
2262	SHEKOU	580	70	1	366	71	3	2
2263	SHEKOU	580	70	8	380	78	3	2
2264	SINGAPORE	581	74	6	158	80	3	1
2265	SINGAPORE	581	74	13	174	87	3	1
2266	SINGAPORE	581	74	3	367	77	3	2
2267	SINGAPORE	581	74	10	381	84	3	2
2268	SINGAPORE	581	74	0	673	74	3	4
2269	SINGAPORE	581	74	7	688	81	3	4
2270	SINGAPORE	581	74	3	786	77	3	4
2271	SINGAPORE	581	74	10	801	84	3	4
2272	VALENCIA	582	94	1	776	95	3	4
2273	VALENCIA	582	94	8	791	102	3	4
2274	FOS SUR MER	584	99	1	790	100	3	4
2275	FOS SUR MER	584	99	8	805	107	3	4
2276	GENOA	585	102	2	804	104	3	4
2277	GENOA	585	102	9	819	111	3	4
2278	BEIRUT	586	111	1	192	112	3	1
2279	BEIRUT	586	111	8	208	119	3	1
2280	JEDDAH	587	116	3	168	119	3	1
2281	JEDDAH	587	116	10	184	126	3	1
2282	JEDDAH	587	116	3	387	119	3	2
2283	JEDDAH	587	116	10	400	126	3	2
2284	PORT KLANG	589	134	4	185	138	3	1
2285	PORT KLANG	589	134	11	201	145	3	1
2286	PORT KLANG	589	134	3	401	137	3	2
2287	PORT KLANG	589	134	10	414	144	3	2
2288	QINGDAO	591	147	0	809	147	3	4
2289	QINGDAO	591	147	7	824	154	3	4
2290	QINGDAO	592	63	0	780	63	3	4
2291	QINGDAO	592	63	7	795	70	3	4
2292	BUSAN(KOREA)	593	66	1	365	67	3	2
2293	BUSAN(KOREA)	593	66	8	379	74	3	2
2294	SHANGHAI	594	69	8	17	77	3	1
2295	SHANGHAI	594	69	1	154	70	3	1
2296	SHANGHAI	594	69	8	264	77	3	2
2297	SHANGHAI	594	69	1	377	70	3	2
2298	SHANGHAI	594	69	3	796	72	3	4
2299	SHANGHAI	594	69	10	811	79	3	4
2300	NINGBO	595	71	0	155	71	3	1
2301	NINGBO	595	71	7	171	78	3	1
2302	NINGBO	595	71	0	378	71	3	2
2303	NINGBO	595	71	7	391	78	3	2
2304	NINGBO	595	71	3	797	74	3	4
2305	NINGBO	595	71	10	812	81	3	4
2306	SHEKOU	597	77	6	173	83	3	1
2307	SHEKOU	597	77	13	189	90	3	1
2308	SHEKOU	597	77	3	277	80	3	2
2309	SHEKOU	597	77	10	291	87	3	2
2310	SHEKOU	597	77	1	380	78	3	2
2311	SHEKOU	597	77	8	393	85	3	2
2312	SINGAPORE	598	81	6	174	87	3	1
2313	SINGAPORE	598	81	13	190	94	3	1
2314	SINGAPORE	598	81	3	381	84	3	2
2315	SINGAPORE	598	81	10	394	91	3	2
2316	SINGAPORE	598	81	0	688	81	3	4
2317	SINGAPORE	598	81	7	703	88	3	4
2318	SINGAPORE	598	81	3	801	84	3	4
2319	SINGAPORE	598	81	10	816	91	3	4
2320	VALENCIA	599	101	1	791	102	3	4
2321	VALENCIA	599	101	8	806	109	3	4
2322	FOS SUR MER	601	106	1	805	107	3	4
2323	FOS SUR MER	601	106	8	820	114	3	4
2324	GENOA	602	109	2	819	111	3	4
2325	GENOA	602	109	9	833	118	3	4
2326	BEIRUT	603	118	1	208	119	3	1
2327	BEIRUT	603	118	8	224	126	3	1
2328	JEDDAH	604	123	3	184	126	3	1
2329	JEDDAH	604	123	10	200	133	3	1
2330	JEDDAH	604	123	3	400	126	3	2
2331	JEDDAH	604	123	10	413	133	3	2
2332	PORT KLANG	606	141	4	201	145	3	1
2333	PORT KLANG	606	141	11	217	152	3	1
2334	PORT KLANG	606	141	3	414	144	3	2
2335	PORT KLANG	606	141	10	427	151	3	2
2336	QINGDAO	608	154	0	824	154	3	4
2337	QINGDAO	608	154	7	838	161	3	4
2338	QINGDAO	609	70	0	795	70	3	4
2339	QINGDAO	609	70	7	810	77	3	4
2340	BUSAN(KOREA)	610	73	1	379	74	3	2
2341	BUSAN(KOREA)	610	73	8	392	81	3	2
2342	SHANGHAI	611	76	1	17	77	3	1
2343	SHANGHAI	611	76	8	34	84	3	1
2344	SHANGHAI	611	76	1	264	77	3	2
2345	SHANGHAI	611	76	8	278	84	3	2
2346	SHANGHAI	611	76	3	811	79	3	4
2347	SHANGHAI	611	76	10	825	86	3	4
2348	NINGBO	612	78	0	171	78	3	1
2349	NINGBO	612	78	7	187	85	3	1
2350	NINGBO	612	78	0	391	78	3	2
2351	NINGBO	612	78	7	404	85	3	2
2352	NINGBO	612	78	3	812	81	3	4
2353	NINGBO	612	78	10	826	88	3	4
2354	SHEKOU	614	84	6	189	90	3	1
2355	SHEKOU	614	84	13	205	97	3	1
2356	SHEKOU	614	84	3	291	87	3	2
2357	SHEKOU	614	84	10	305	94	3	2
2358	SHEKOU	614	84	1	393	85	3	2
2359	SHEKOU	614	84	8	406	92	3	2
2360	SINGAPORE	615	88	6	190	94	3	1
2361	SINGAPORE	615	88	13	206	101	3	1
2362	SINGAPORE	615	88	3	394	91	3	2
2363	SINGAPORE	615	88	10	407	98	3	2
2364	SINGAPORE	615	88	0	703	88	3	4
2365	SINGAPORE	615	88	7	718	95	3	4
2366	SINGAPORE	615	88	3	816	91	3	4
2367	SINGAPORE	615	88	10	830	98	3	4
2368	VALENCIA	616	108	1	806	109	3	4
2369	VALENCIA	616	108	8	821	116	3	4
2370	FOS SUR MER	618	113	1	820	114	3	4
2371	FOS SUR MER	618	113	8	834	121	3	4
2372	GENOA	619	116	2	833	118	3	4
2373	GENOA	619	116	9	847	125	3	4
2374	BEIRUT	620	125	1	224	126	3	1
2375	BEIRUT	620	125	8	240	133	3	1
2376	JEDDAH	621	130	3	200	133	3	1
2377	JEDDAH	621	130	10	216	140	3	1
2378	JEDDAH	621	130	3	413	133	3	2
2379	JEDDAH	621	130	10	426	140	3	2
2380	PORT KLANG	623	148	4	217	152	3	1
2381	PORT KLANG	623	148	11	233	159	3	1
2382	PORT KLANG	623	148	3	427	151	3	2
2383	PORT KLANG	623	148	10	440	158	3	2
2384	QINGDAO	625	161	0	838	161	3	4
2385	QINGDAO	625	161	7	852	168	3	4
2386	QINGDAO	626	77	7	674	84	3	4
2387	QINGDAO	626	77	0	810	77	3	4
2388	BUSAN(KOREA)	627	80	1	392	81	3	2
2389	BUSAN(KOREA)	627	80	8	405	88	3	2
2390	SHANGHAI	628	83	1	34	84	3	1
2391	SHANGHAI	628	83	8	51	91	3	1
2392	SHANGHAI	628	83	1	278	84	3	2
2393	SHANGHAI	628	83	8	292	91	3	2
2394	SHANGHAI	628	83	3	825	86	3	4
2395	SHANGHAI	628	83	10	839	93	3	4
2396	NINGBO	629	85	0	187	85	3	1
2397	NINGBO	629	85	7	203	92	3	1
2398	NINGBO	629	85	0	404	85	3	2
2399	NINGBO	629	85	7	417	92	3	2
2400	NINGBO	629	85	3	826	88	3	4
2401	NINGBO	629	85	10	840	95	3	4
2402	SHEKOU	631	91	6	205	97	3	1
2403	SHEKOU	631	91	13	221	104	3	1
2404	SHEKOU	631	91	3	305	94	3	2
2405	SHEKOU	631	91	10	319	101	3	2
2406	SHEKOU	631	91	1	406	92	3	2
2407	SHEKOU	631	91	8	419	99	3	2
2408	SINGAPORE	632	95	6	206	101	3	1
2409	SINGAPORE	632	95	13	222	108	3	1
2410	SINGAPORE	632	95	3	407	98	3	2
2411	SINGAPORE	632	95	10	420	105	3	2
2412	SINGAPORE	632	95	0	718	95	3	4
2413	SINGAPORE	632	95	7	733	102	3	4
2414	SINGAPORE	632	95	3	830	98	3	4
2415	SINGAPORE	632	95	10	844	105	3	4
2416	VALENCIA	633	115	1	821	116	3	4
2417	VALENCIA	633	115	8	835	123	3	4
2418	FOS SUR MER	635	120	1	834	121	3	4
2419	FOS SUR MER	635	120	8	848	128	3	4
2420	GENOA	636	123	2	847	125	3	4
2421	GENOA	636	123	9	861	132	3	4
2422	BEIRUT	637	132	1	240	133	3	1
2423	JEDDAH	638	137	3	216	140	3	1
2424	JEDDAH	638	137	10	232	147	3	1
2425	JEDDAH	638	137	3	426	140	3	2
2426	JEDDAH	638	137	10	439	147	3	2
2427	PORT KLANG	640	155	4	233	159	3	1
2428	PORT KLANG	640	155	11	249	166	3	1
2429	PORT KLANG	640	155	3	440	158	3	2
2430	PORT KLANG	640	155	10	453	165	3	2
2431	QINGDAO	642	168	0	852	168	3	4
2432	QINGDAO	642	168	7	866	175	3	4
2433	QINGDAO	643	84	0	674	84	3	4
2434	QINGDAO	643	84	7	689	91	3	4
2435	BUSAN(KOREA)	644	87	1	405	88	3	2
2436	BUSAN(KOREA)	644	87	8	418	95	3	2
2437	SHANGHAI	645	90	1	51	91	3	1
2438	SHANGHAI	645	90	8	68	98	3	1
2439	SHANGHAI	645	90	1	292	91	3	2
2440	SHANGHAI	645	90	8	306	98	3	2
2441	SHANGHAI	645	90	3	839	93	3	4
2442	SHANGHAI	645	90	10	853	100	3	4
2443	NINGBO	646	92	0	203	92	3	1
2444	NINGBO	646	92	7	219	99	3	1
2445	NINGBO	646	92	0	417	92	3	2
2446	NINGBO	646	92	7	430	99	3	2
2447	NINGBO	646	92	3	840	95	3	4
2448	NINGBO	646	92	10	854	102	3	4
2449	SHEKOU	648	98	6	221	104	3	1
2450	SHEKOU	648	98	13	237	111	3	1
2451	SHEKOU	648	98	3	319	101	3	2
2452	SHEKOU	648	98	10	333	108	3	2
2453	SHEKOU	648	98	1	419	99	3	2
2454	SHEKOU	648	98	8	432	106	3	2
2455	SINGAPORE	649	102	6	222	108	3	1
2456	SINGAPORE	649	102	13	238	115	3	1
2457	SINGAPORE	649	102	3	420	105	3	2
2458	SINGAPORE	649	102	10	433	112	3	2
2459	SINGAPORE	649	102	0	733	102	3	4
2460	SINGAPORE	649	102	7	748	109	3	4
2461	SINGAPORE	649	102	3	844	105	3	4
2462	SINGAPORE	649	102	10	858	112	3	4
2463	VALENCIA	650	122	1	835	123	3	4
2464	VALENCIA	650	122	8	849	130	3	4
2465	FOS SUR MER	652	127	1	848	128	3	4
2466	FOS SUR MER	652	127	8	862	135	3	4
2467	GENOA	653	130	2	861	132	3	4
2468	JEDDAH	655	144	3	232	147	3	1
2469	JEDDAH	655	144	10	248	154	3	1
2470	JEDDAH	655	144	3	439	147	3	2
2471	JEDDAH	655	144	10	452	154	3	2
2472	PORT KLANG	657	162	4	249	166	3	1
2473	PORT KLANG	657	162	3	453	165	3	2
2474	QINGDAO	659	175	0	866	175	3	4
2475	QINGDAO	660	7	0	456	7	4	3
2476	QINGDAO	660	7	7	473	14	4	3
2477	SHANGHAI	661	9	5	18	14	4	1
2478	SHANGHAI	661	9	12	35	21	4	1
2479	SHANGHAI	661	9	5	265	14	4	2
2480	SHANGHAI	661	9	12	279	21	4	2
2481	SHANGHAI	661	9	4	458	13	4	3
2482	SHANGHAI	661	9	11	475	20	4	3
2483	NINGBO	662	11	4	19	15	4	1
2484	NINGBO	662	11	11	36	22	4	1
2485	NINGBO	662	11	4	266	15	4	2
2486	NINGBO	662	11	11	280	22	4	2
2487	NINGBO	662	11	4	459	15	4	3
2488	NINGBO	662	11	11	476	22	4	3
2489	SINGAPORE	666	21	3	22	24	4	1
2490	SINGAPORE	666	21	10	39	31	4	1
2491	SINGAPORE	666	21	0	255	21	4	2
2492	SINGAPORE	666	21	7	269	28	4	2
2493	SINGAPORE	666	21	4	462	25	4	3
2494	SINGAPORE	666	21	11	479	32	4	3
2495	GENOA	669	41	12	466	53	4	3
2496	FOS SUR MER	670	44	6	465	50	4	3
2497	FOS SUR MER	670	44	13	482	57	4	3
2498	VALENCIA	671	46	6	480	52	4	3
2499	VALENCIA	671	46	13	497	59	4	3
2500	PIRAEUS	672	51	6	30	57	4	1
2501	PIRAEUS	672	51	13	47	64	4	1
2502	SINGAPORE	673	74	6	158	80	4	1
2503	SINGAPORE	673	74	13	174	87	4	1
2504	SINGAPORE	673	74	3	367	77	4	2
2505	SINGAPORE	673	74	10	381	84	4	2
2506	SINGAPORE	673	74	0	581	74	4	3
2507	SINGAPORE	673	74	7	598	81	4	3
2508	QINGDAO	674	84	0	643	84	4	3
2509	QINGDAO	675	14	0	473	14	4	3
2510	QINGDAO	675	14	7	490	21	4	3
2511	SHANGHAI	676	16	5	35	21	4	1
2512	SHANGHAI	676	16	12	52	28	4	1
2513	SHANGHAI	676	16	5	279	21	4	2
2514	SHANGHAI	676	16	12	293	28	4	2
2515	SHANGHAI	676	16	4	475	20	4	3
2516	SHANGHAI	676	16	11	492	27	4	3
2517	NINGBO	677	18	4	36	22	4	1
2518	NINGBO	677	18	11	53	29	4	1
2519	NINGBO	677	18	4	280	22	4	2
2520	NINGBO	677	18	11	294	29	4	2
2521	NINGBO	677	18	4	476	22	4	3
2522	NINGBO	677	18	11	493	29	4	3
2523	SINGAPORE	681	28	3	39	31	4	1
2524	SINGAPORE	681	28	10	56	38	4	1
2525	SINGAPORE	681	28	0	269	28	4	2
2526	SINGAPORE	681	28	7	283	35	4	2
2527	SINGAPORE	681	28	4	479	32	4	3
2528	SINGAPORE	681	28	11	496	39	4	3
2529	PIRAEUS	682	43	7	13	50	4	1
2530	GENOA	684	48	5	466	53	4	3
2531	GENOA	684	48	12	483	60	4	3
2532	FOS SUR MER	685	51	6	482	57	4	3
2533	FOS SUR MER	685	51	13	499	64	4	3
2534	VALENCIA	686	53	6	497	59	4	3
2535	VALENCIA	686	53	13	514	66	4	3
2536	PIRAEUS	687	58	6	47	64	4	1
2537	PIRAEUS	687	58	13	64	71	4	1
2538	SINGAPORE	688	81	6	174	87	4	1
2539	SINGAPORE	688	81	13	190	94	4	1
2540	SINGAPORE	688	81	3	381	84	4	2
2541	SINGAPORE	688	81	10	394	91	4	2
2542	SINGAPORE	688	81	0	598	81	4	3
2543	SINGAPORE	688	81	7	615	88	4	3
2544	QINGDAO	689	91	7	472	98	4	3
2545	QINGDAO	690	21	0	490	21	4	3
2546	QINGDAO	690	21	7	507	28	4	3
2547	SHANGHAI	691	23	5	52	28	4	1
2548	SHANGHAI	691	23	12	69	35	4	1
2549	SHANGHAI	691	23	5	293	28	4	2
2550	SHANGHAI	691	23	12	307	35	4	2
2551	SHANGHAI	691	23	4	492	27	4	3
2552	SHANGHAI	691	23	11	509	34	4	3
2553	NINGBO	692	25	4	53	29	4	1
2554	NINGBO	692	25	11	70	36	4	1
2555	NINGBO	692	25	4	294	29	4	2
2556	NINGBO	692	25	11	308	36	4	2
2557	NINGBO	692	25	4	493	29	4	3
2558	NINGBO	692	25	11	510	36	4	3
2559	SINGAPORE	696	35	3	56	38	4	1
2560	SINGAPORE	696	35	10	73	45	4	1
2561	SINGAPORE	696	35	0	283	35	4	2
2562	SINGAPORE	696	35	7	297	42	4	2
2563	SINGAPORE	696	35	4	496	39	4	3
2564	SINGAPORE	696	35	11	513	46	4	3
2565	PIRAEUS	697	50	0	13	50	4	1
2566	PIRAEUS	697	50	7	30	57	4	1
2567	GENOA	699	55	5	483	60	4	3
2568	GENOA	699	55	12	500	67	4	3
2569	FOS SUR MER	700	58	6	499	64	4	3
2570	FOS SUR MER	700	58	13	516	71	4	3
2571	VALENCIA	701	60	6	514	66	4	3
2572	VALENCIA	701	60	13	531	73	4	3
2573	PIRAEUS	702	65	6	64	71	4	1
2574	PIRAEUS	702	65	13	81	78	4	1
2575	SINGAPORE	703	88	6	190	94	4	1
2576	SINGAPORE	703	88	13	206	101	4	1
2577	SINGAPORE	703	88	3	394	91	4	2
2578	SINGAPORE	703	88	10	407	98	4	2
2579	SINGAPORE	703	88	0	615	88	4	3
2580	SINGAPORE	703	88	7	632	95	4	3
2581	QINGDAO	704	98	0	472	98	4	3
2582	QINGDAO	704	98	7	489	105	4	3
2583	QINGDAO	705	28	0	507	28	4	3
2584	QINGDAO	705	28	7	524	35	4	3
2585	SHANGHAI	706	30	5	69	35	4	1
2586	SHANGHAI	706	30	12	86	42	4	1
2587	SHANGHAI	706	30	5	307	35	4	2
2588	SHANGHAI	706	30	12	321	42	4	2
2589	SHANGHAI	706	30	4	509	34	4	3
2590	SHANGHAI	706	30	11	526	41	4	3
2591	NINGBO	707	32	4	70	36	4	1
2592	NINGBO	707	32	11	87	43	4	1
2593	NINGBO	707	32	4	308	36	4	2
2594	NINGBO	707	32	11	322	43	4	2
2595	NINGBO	707	32	4	510	36	4	3
2596	NINGBO	707	32	11	527	43	4	3
2597	SINGAPORE	711	42	3	73	45	4	1
2598	SINGAPORE	711	42	10	90	52	4	1
2599	SINGAPORE	711	42	0	297	42	4	2
2600	SINGAPORE	711	42	7	311	49	4	2
2601	SINGAPORE	711	42	4	513	46	4	3
2602	SINGAPORE	711	42	11	530	53	4	3
2603	PIRAEUS	712	57	0	30	57	4	1
2604	PIRAEUS	712	57	7	47	64	4	1
2605	GENOA	714	62	5	500	67	4	3
2606	GENOA	714	62	12	517	74	4	3
2607	FOS SUR MER	715	65	6	516	71	4	3
2608	FOS SUR MER	715	65	13	533	78	4	3
2609	VALENCIA	716	67	6	531	73	4	3
2610	VALENCIA	716	67	13	548	80	4	3
2611	PIRAEUS	717	72	6	81	78	4	1
2612	PIRAEUS	717	72	13	98	85	4	1
2613	SINGAPORE	718	95	6	206	101	4	1
2614	SINGAPORE	718	95	13	222	108	4	1
2615	SINGAPORE	718	95	3	407	98	4	2
2616	SINGAPORE	718	95	10	420	105	4	2
2617	SINGAPORE	718	95	0	632	95	4	3
2618	SINGAPORE	718	95	7	649	102	4	3
2619	QINGDAO	719	105	0	489	105	4	3
2620	QINGDAO	719	105	7	506	112	4	3
2621	QINGDAO	720	35	0	524	35	4	3
2622	QINGDAO	720	35	7	541	42	4	3
2623	SHANGHAI	721	37	5	86	42	4	1
2624	SHANGHAI	721	37	12	103	49	4	1
2625	SHANGHAI	721	37	5	321	42	4	2
2626	SHANGHAI	721	37	12	335	49	4	2
2627	SHANGHAI	721	37	4	526	41	4	3
2628	SHANGHAI	721	37	11	543	48	4	3
2629	NINGBO	722	39	4	87	43	4	1
2630	NINGBO	722	39	11	104	50	4	1
2631	NINGBO	722	39	4	322	43	4	2
2632	NINGBO	722	39	11	336	50	4	2
2633	NINGBO	722	39	4	527	43	4	3
2634	NINGBO	722	39	11	544	50	4	3
2635	SINGAPORE	726	49	3	90	52	4	1
2636	SINGAPORE	726	49	10	107	59	4	1
2637	SINGAPORE	726	49	0	311	49	4	2
2638	SINGAPORE	726	49	7	325	56	4	2
2639	SINGAPORE	726	49	4	530	53	4	3
2640	SINGAPORE	726	49	11	547	60	4	3
2641	PIRAEUS	727	64	0	47	64	4	1
2642	PIRAEUS	727	64	7	64	71	4	1
2643	GENOA	729	69	5	517	74	4	3
2644	GENOA	729	69	12	534	81	4	3
2645	FOS SUR MER	730	72	6	533	78	4	3
2646	FOS SUR MER	730	72	13	550	85	4	3
2647	VALENCIA	731	74	6	548	80	4	3
2648	VALENCIA	731	74	13	565	87	4	3
2649	PIRAEUS	732	79	6	98	85	4	1
2650	PIRAEUS	732	79	13	115	92	4	1
2651	SINGAPORE	733	102	6	222	108	4	1
2652	SINGAPORE	733	102	13	238	115	4	1
2653	SINGAPORE	733	102	3	420	105	4	2
2654	SINGAPORE	733	102	10	433	112	4	2
2655	SINGAPORE	733	102	0	649	102	4	3
2656	QINGDAO	734	112	0	506	112	4	3
2657	QINGDAO	734	112	7	523	119	4	3
2658	QINGDAO	735	42	0	541	42	4	3
2659	QINGDAO	735	42	7	558	49	4	3
2660	SHANGHAI	736	44	5	103	49	4	1
2661	SHANGHAI	736	44	12	120	56	4	1
2662	SHANGHAI	736	44	5	335	49	4	2
2663	SHANGHAI	736	44	12	349	56	4	2
2664	SHANGHAI	736	44	4	543	48	4	3
2665	SHANGHAI	736	44	11	560	55	4	3
2666	NINGBO	737	46	4	104	50	4	1
2667	NINGBO	737	46	11	121	57	4	1
2668	NINGBO	737	46	4	336	50	4	2
2669	NINGBO	737	46	11	350	57	4	2
2670	NINGBO	737	46	4	544	50	4	3
2671	NINGBO	737	46	11	561	57	4	3
2672	SINGAPORE	741	56	3	107	59	4	1
2673	SINGAPORE	741	56	10	124	66	4	1
2674	SINGAPORE	741	56	0	325	56	4	2
2675	SINGAPORE	741	56	7	339	63	4	2
2676	SINGAPORE	741	56	4	547	60	4	3
2677	SINGAPORE	741	56	11	564	67	4	3
2678	PIRAEUS	742	71	0	64	71	4	1
2679	PIRAEUS	742	71	7	81	78	4	1
2680	GENOA	744	76	5	534	81	4	3
2681	GENOA	744	76	12	551	88	4	3
2682	FOS SUR MER	745	79	6	550	85	4	3
2683	FOS SUR MER	745	79	13	567	92	4	3
2684	VALENCIA	746	81	6	565	87	4	3
2685	VALENCIA	746	81	13	582	94	4	3
2686	PIRAEUS	747	86	6	115	92	4	1
2687	PIRAEUS	747	86	13	132	99	4	1
2688	SINGAPORE	748	109	6	238	115	4	1
2689	SINGAPORE	748	109	3	433	112	4	2
2690	SINGAPORE	748	109	10	446	119	4	2
2691	QINGDAO	749	119	0	523	119	4	3
2692	QINGDAO	749	119	7	540	126	4	3
2693	QINGDAO	750	49	0	558	49	4	3
2694	QINGDAO	750	49	7	575	56	4	3
2695	SHANGHAI	751	51	5	120	56	4	1
2696	SHANGHAI	751	51	12	137	63	4	1
2697	SHANGHAI	751	51	5	349	56	4	2
2698	SHANGHAI	751	51	12	363	63	4	2
2699	SHANGHAI	751	51	4	560	55	4	3
2700	SHANGHAI	751	51	11	577	62	4	3
2701	NINGBO	752	53	4	121	57	4	1
2702	NINGBO	752	53	11	138	64	4	1
2703	NINGBO	752	53	4	350	57	4	2
2704	NINGBO	752	53	11	364	64	4	2
2705	NINGBO	752	53	4	561	57	4	3
2706	NINGBO	752	53	11	578	64	4	3
2707	SINGAPORE	756	63	3	124	66	4	1
2708	SINGAPORE	756	63	10	141	73	4	1
2709	SINGAPORE	756	63	0	339	63	4	2
2710	SINGAPORE	756	63	7	353	70	4	2
2711	SINGAPORE	756	63	4	564	67	4	3
2712	SINGAPORE	756	63	11	581	74	4	3
2713	PIRAEUS	757	78	0	81	78	4	1
2714	PIRAEUS	757	78	7	98	85	4	1
2715	GENOA	759	83	5	551	88	4	3
2716	GENOA	759	83	12	568	95	4	3
2717	FOS SUR MER	760	86	6	567	92	4	3
2718	FOS SUR MER	760	86	13	584	99	4	3
2719	VALENCIA	761	88	6	582	94	4	3
2720	VALENCIA	761	88	13	599	101	4	3
2721	PIRAEUS	762	93	6	132	99	4	1
2722	PIRAEUS	762	93	13	149	106	4	1
2723	SINGAPORE	763	116	3	446	119	4	2
2724	QINGDAO	764	126	0	540	126	4	3
2725	QINGDAO	764	126	7	557	133	4	3
2726	QINGDAO	765	56	0	575	56	4	3
2727	QINGDAO	765	56	7	592	63	4	3
2728	SHANGHAI	766	58	5	137	63	4	1
2729	SHANGHAI	766	58	12	154	70	4	1
2730	SHANGHAI	766	58	5	363	63	4	2
2731	SHANGHAI	766	58	12	377	70	4	2
2732	SHANGHAI	766	58	4	577	62	4	3
2733	SHANGHAI	766	58	11	594	69	4	3
2734	NINGBO	767	60	4	138	64	4	1
2735	NINGBO	767	60	11	155	71	4	1
2736	NINGBO	767	60	4	364	64	4	2
2737	NINGBO	767	60	11	378	71	4	2
2738	NINGBO	767	60	4	578	64	4	3
2739	NINGBO	767	60	11	595	71	4	3
2740	SINGAPORE	771	70	3	141	73	4	1
2741	SINGAPORE	771	70	10	158	80	4	1
2742	SINGAPORE	771	70	0	353	70	4	2
2743	SINGAPORE	771	70	7	367	77	4	2
2744	SINGAPORE	771	70	4	581	74	4	3
2745	SINGAPORE	771	70	11	598	81	4	3
2746	PIRAEUS	772	85	0	98	85	4	1
2747	PIRAEUS	772	85	7	115	92	4	1
2748	GENOA	774	90	5	568	95	4	3
2749	GENOA	774	90	12	585	102	4	3
2750	FOS SUR MER	775	93	6	584	99	4	3
2751	FOS SUR MER	775	93	13	601	106	4	3
2752	VALENCIA	776	95	6	599	101	4	3
2753	VALENCIA	776	95	13	616	108	4	3
2754	PIRAEUS	777	100	6	149	106	4	1
2755	PIRAEUS	777	100	13	166	113	4	1
2756	QINGDAO	779	133	0	557	133	4	3
2757	QINGDAO	779	133	7	574	140	4	3
2758	QINGDAO	780	63	0	592	63	4	3
2759	QINGDAO	780	63	7	609	70	4	3
2760	SHANGHAI	781	65	12	17	77	4	1
2761	SHANGHAI	781	65	5	154	70	4	1
2762	SHANGHAI	781	65	12	264	77	4	2
2763	SHANGHAI	781	65	5	377	70	4	2
2764	SHANGHAI	781	65	4	594	69	4	3
2765	SHANGHAI	781	65	11	611	76	4	3
2766	NINGBO	782	67	4	155	71	4	1
2767	NINGBO	782	67	11	171	78	4	1
2768	NINGBO	782	67	4	378	71	4	2
2769	NINGBO	782	67	11	391	78	4	2
2770	NINGBO	782	67	4	595	71	4	3
2771	NINGBO	782	67	11	612	78	4	3
2772	SINGAPORE	786	77	3	158	80	4	1
2773	SINGAPORE	786	77	10	174	87	4	1
2774	SINGAPORE	786	77	0	367	77	4	2
2775	SINGAPORE	786	77	7	381	84	4	2
2776	SINGAPORE	786	77	4	598	81	4	3
2777	SINGAPORE	786	77	11	615	88	4	3
2778	PIRAEUS	787	92	0	115	92	4	1
2779	PIRAEUS	787	92	7	132	99	4	1
2780	GENOA	789	97	5	585	102	4	3
2781	GENOA	789	97	12	602	109	4	3
2782	FOS SUR MER	790	100	6	601	106	4	3
2783	FOS SUR MER	790	100	13	618	113	4	3
2784	VALENCIA	791	102	6	616	108	4	3
2785	VALENCIA	791	102	13	633	115	4	3
2786	PIRAEUS	792	107	6	166	113	4	1
2787	PIRAEUS	792	107	13	182	120	4	1
2788	QINGDAO	794	140	0	574	140	4	3
2789	QINGDAO	794	140	7	591	147	4	3
2790	QINGDAO	795	70	0	609	70	4	3
2791	QINGDAO	795	70	7	626	77	4	3
2792	SHANGHAI	796	72	5	17	77	4	1
2793	SHANGHAI	796	72	12	34	84	4	1
2794	SHANGHAI	796	72	5	264	77	4	2
2795	SHANGHAI	796	72	12	278	84	4	2
2796	SHANGHAI	796	72	4	611	76	4	3
2797	SHANGHAI	796	72	11	628	83	4	3
2798	NINGBO	797	74	4	171	78	4	1
2799	NINGBO	797	74	11	187	85	4	1
2800	NINGBO	797	74	4	391	78	4	2
2801	NINGBO	797	74	11	404	85	4	2
2802	NINGBO	797	74	4	612	78	4	3
2803	NINGBO	797	74	11	629	85	4	3
2804	SINGAPORE	801	84	3	174	87	4	1
2805	SINGAPORE	801	84	10	190	94	4	1
2806	SINGAPORE	801	84	0	381	84	4	2
2807	SINGAPORE	801	84	7	394	91	4	2
2808	SINGAPORE	801	84	4	615	88	4	3
2809	SINGAPORE	801	84	11	632	95	4	3
2810	PIRAEUS	802	99	0	132	99	4	1
2811	PIRAEUS	802	99	7	149	106	4	1
2812	GENOA	804	104	5	602	109	4	3
2813	GENOA	804	104	12	619	116	4	3
2814	FOS SUR MER	805	107	6	618	113	4	3
2815	FOS SUR MER	805	107	13	635	120	4	3
2816	VALENCIA	806	109	6	633	115	4	3
2817	VALENCIA	806	109	13	650	122	4	3
2818	PIRAEUS	807	114	6	182	120	4	1
2819	PIRAEUS	807	114	13	198	127	4	1
2820	QINGDAO	809	147	0	591	147	4	3
2821	QINGDAO	809	147	7	608	154	4	3
2822	QINGDAO	810	77	0	626	77	4	3
2823	QINGDAO	810	77	7	643	84	4	3
2824	SHANGHAI	811	79	5	34	84	4	1
2825	SHANGHAI	811	79	12	51	91	4	1
2826	SHANGHAI	811	79	5	278	84	4	2
2827	SHANGHAI	811	79	12	292	91	4	2
2828	SHANGHAI	811	79	4	628	83	4	3
2829	SHANGHAI	811	79	11	645	90	4	3
2830	NINGBO	812	81	4	187	85	4	1
2831	NINGBO	812	81	11	203	92	4	1
2832	NINGBO	812	81	4	404	85	4	2
2833	NINGBO	812	81	11	417	92	4	2
2834	NINGBO	812	81	4	629	85	4	3
2835	NINGBO	812	81	11	646	92	4	3
2836	SINGAPORE	816	91	3	190	94	4	1
2837	SINGAPORE	816	91	10	206	101	4	1
2838	SINGAPORE	816	91	0	394	91	4	2
2839	SINGAPORE	816	91	7	407	98	4	2
2840	SINGAPORE	816	91	4	632	95	4	3
2841	SINGAPORE	816	91	11	649	102	4	3
2842	PIRAEUS	817	106	0	149	106	4	1
2843	PIRAEUS	817	106	7	166	113	4	1
2844	GENOA	819	111	5	619	116	4	3
2845	GENOA	819	111	12	636	123	4	3
2846	FOS SUR MER	820	114	6	635	120	4	3
2847	FOS SUR MER	820	114	13	652	127	4	3
2848	VALENCIA	821	116	6	650	122	4	3
2849	PIRAEUS	822	121	6	198	127	4	1
2850	PIRAEUS	822	121	13	214	134	4	1
2851	QINGDAO	824	154	0	608	154	4	3
2852	QINGDAO	824	154	7	625	161	4	3
2853	SHANGHAI	825	86	5	51	91	4	1
2854	SHANGHAI	825	86	12	68	98	4	1
2855	SHANGHAI	825	86	5	292	91	4	2
2856	SHANGHAI	825	86	12	306	98	4	2
2857	SHANGHAI	825	86	4	645	90	4	3
2858	NINGBO	826	88	4	203	92	4	1
2859	NINGBO	826	88	11	219	99	4	1
2860	NINGBO	826	88	4	417	92	4	2
2861	NINGBO	826	88	11	430	99	4	2
2862	NINGBO	826	88	4	646	92	4	3
2863	SINGAPORE	830	98	3	206	101	4	1
2864	SINGAPORE	830	98	10	222	108	4	1
2865	SINGAPORE	830	98	0	407	98	4	2
2866	SINGAPORE	830	98	7	420	105	4	2
2867	SINGAPORE	830	98	4	649	102	4	3
2868	PIRAEUS	831	113	0	166	113	4	1
2869	PIRAEUS	831	113	7	182	120	4	1
2870	GENOA	833	118	5	636	123	4	3
2871	GENOA	833	118	12	653	130	4	3
2872	FOS SUR MER	834	121	6	652	127	4	3
2873	PIRAEUS	836	128	6	214	134	4	1
2874	PIRAEUS	836	128	13	230	141	4	1
2875	QINGDAO	838	161	0	625	161	4	3
2876	QINGDAO	838	161	7	642	168	4	3
2877	SHANGHAI	839	93	5	68	98	4	1
2878	SHANGHAI	839	93	12	85	105	4	1
2879	SHANGHAI	839	93	5	306	98	4	2
2880	SHANGHAI	839	93	12	320	105	4	2
2881	NINGBO	840	95	4	219	99	4	1
2882	NINGBO	840	95	11	235	106	4	1
2883	NINGBO	840	95	4	430	99	4	2
2884	NINGBO	840	95	11	443	106	4	2
2885	SINGAPORE	844	105	3	222	108	4	1
2886	SINGAPORE	844	105	10	238	115	4	1
2887	SINGAPORE	844	105	0	420	105	4	2
2888	SINGAPORE	844	105	7	433	112	4	2
2889	PIRAEUS	845	120	0	182	120	4	1
2890	PIRAEUS	845	120	7	198	127	4	1
2891	GENOA	847	125	5	653	130	4	3
2892	PIRAEUS	850	135	6	230	141	4	1
2893	PIRAEUS	850	135	13	246	148	4	1
2894	QINGDAO	852	168	0	642	168	4	3
2895	QINGDAO	852	168	7	659	175	4	3
2896	SHANGHAI	853	100	5	85	105	4	1
2897	SHANGHAI	853	100	12	102	112	4	1
2898	SHANGHAI	853	100	5	320	105	4	2
2899	SHANGHAI	853	100	12	334	112	4	2
2900	NINGBO	854	102	4	235	106	4	1
2901	NINGBO	854	102	4	443	106	4	2
2902	SINGAPORE	858	112	3	238	115	4	1
2903	SINGAPORE	858	112	0	433	112	4	2
2904	SINGAPORE	858	112	7	446	119	4	2
2905	PIRAEUS	859	127	0	198	127	4	1
2906	PIRAEUS	859	127	7	214	134	4	1
2907	PIRAEUS	864	142	6	246	148	4	1
2908	QINGDAO	866	175	0	659	175	4	3
