TransshipArc ID	Port	origin_node_ID	OriginTime	TransshipTime	Destination_node_ID	DestinationTime	FromRoute	ToRoute
557	SHEKOU	2	7	3	225	10	1	2
558	SHEKOU	2	7	10	241	17	1	2
559	HONG KONG	3	8	3	226	11	1	2
560	HONG KONG	3	8	10	242	18	1	2
561	HONG KONG	3	8	2	442	10	1	3
562	HONG KONG	3	8	9	453	17	1	3
563	KAOHSIUNG	4	10	3	227	13	1	2
564	KAOHSIUNG	4	10	10	243	20	1	2
565	KAOHSIUNG	4	10	3	444	13	1	3
566	KAOHSIUNG	4	10	10	455	20	1	3
567	NINGBO	5	12	3	228	15	1	2
568	NINGBO	5	12	10	244	22	1	2
569	NINGBO	5	12	4	446	16	1	3
570	NINGBO	5	12	11	457	23	1	3
571	SHANGHAI	6	13	4	229	17	1	2
572	SHANGHAI	6	13	11	245	24	1	2
573	SHANGHAI	6	13	2	445	15	1	3
574	SHANGHAI	6	13	9	456	22	1	3
575	BUSAN(KOREA)	8	18	3	230	21	1	2
576	BUSAN(KOREA)	8	18	10	246	28	1	2
577	MANZANILLO(MX)	9	42	6	247	48	1	2
578	MANZANILLO(MX)	9	42	13	263	55	1	2
579	MANZANILLO(MX)	9	42	4	458	46	1	3
580	MANZANILLO(MX)	9	42	11	469	53	1	3
581	BALBOA	10	47	6	459	53	1	3
582	BALBOA	10	47	13	470	60	1	3
583	SHEKOU	17	14	3	241	17	1	2
584	SHEKOU	17	14	10	257	24	1	2
585	HONG KONG	18	15	3	242	18	1	2
586	HONG KONG	18	15	10	258	25	1	2
587	HONG KONG	18	15	2	453	17	1	3
588	HONG KONG	18	15	9	464	24	1	3
589	KAOHSIUNG	19	17	3	243	20	1	2
590	KAOHSIUNG	19	17	10	259	27	1	2
591	KAOHSIUNG	19	17	3	455	20	1	3
592	KAOHSIUNG	19	17	10	466	27	1	3
593	NINGBO	20	19	3	244	22	1	2
594	NINGBO	20	19	10	260	29	1	2
595	NINGBO	20	19	4	457	23	1	3
596	NINGBO	20	19	11	468	30	1	3
597	SHANGHAI	21	20	4	245	24	1	2
598	SHANGHAI	21	20	11	261	31	1	2
599	SHANGHAI	21	20	2	456	22	1	3
600	SHANGHAI	21	20	9	467	29	1	3
601	BUSAN(KOREA)	23	25	3	246	28	1	2
602	BUSAN(KOREA)	23	25	10	262	35	1	2
603	MANZANILLO(MX)	24	49	6	263	55	1	2
604	MANZANILLO(MX)	24	49	13	279	62	1	2
605	MANZANILLO(MX)	24	49	4	469	53	1	3
606	MANZANILLO(MX)	24	49	11	480	60	1	3
607	BALBOA	25	54	6	470	60	1	3
608	BALBOA	25	54	13	481	67	1	3
609	SHEKOU	32	21	3	257	24	1	2
610	SHEKOU	32	21	10	273	31	1	2
611	HONG KONG	33	22	3	258	25	1	2
612	HONG KONG	33	22	10	274	32	1	2
613	HONG KONG	33	22	2	464	24	1	3
614	HONG KONG	33	22	9	475	31	1	3
615	KAOHSIUNG	34	24	3	259	27	1	2
616	KAOHSIUNG	34	24	10	275	34	1	2
617	KAOHSIUNG	34	24	3	466	27	1	3
618	KAOHSIUNG	34	24	10	477	34	1	3
619	NINGBO	35	26	3	260	29	1	2
620	NINGBO	35	26	10	276	36	1	2
621	NINGBO	35	26	4	468	30	1	3
622	NINGBO	35	26	11	479	37	1	3
623	SHANGHAI	36	27	4	261	31	1	2
624	SHANGHAI	36	27	11	277	38	1	2
625	SHANGHAI	36	27	2	467	29	1	3
626	SHANGHAI	36	27	9	478	36	1	3
627	BUSAN(KOREA)	38	32	3	262	35	1	2
628	BUSAN(KOREA)	38	32	10	278	42	1	2
629	MANZANILLO(MX)	39	56	8	221	64	1	2
630	MANZANILLO(MX)	39	56	6	279	62	1	2
631	MANZANILLO(MX)	39	56	13	295	69	1	2
632	MANZANILLO(MX)	39	56	4	480	60	1	3
633	MANZANILLO(MX)	39	56	11	491	67	1	3
634	BALBOA	40	61	6	481	67	1	3
635	BALBOA	40	61	13	492	74	1	3
636	SHEKOU	47	28	3	273	31	1	2
637	SHEKOU	47	28	10	289	38	1	2
638	HONG KONG	48	29	3	274	32	1	2
639	HONG KONG	48	29	10	290	39	1	2
640	HONG KONG	48	29	2	475	31	1	3
641	HONG KONG	48	29	9	486	38	1	3
642	KAOHSIUNG	49	31	3	275	34	1	2
643	KAOHSIUNG	49	31	10	291	41	1	2
644	KAOHSIUNG	49	31	3	477	34	1	3
645	KAOHSIUNG	49	31	10	488	41	1	3
646	NINGBO	50	33	3	276	36	1	2
647	NINGBO	50	33	10	292	43	1	2
648	NINGBO	50	33	4	479	37	1	3
649	NINGBO	50	33	11	490	44	1	3
650	SHANGHAI	51	34	4	277	38	1	2
651	SHANGHAI	51	34	11	293	45	1	2
652	SHANGHAI	51	34	2	478	36	1	3
653	SHANGHAI	51	34	9	489	43	1	3
654	BUSAN(KOREA)	53	39	3	278	42	1	2
655	BUSAN(KOREA)	53	39	10	294	49	1	2
656	MANZANILLO(MX)	54	63	1	221	64	1	2
657	MANZANILLO(MX)	54	63	8	237	71	1	2
658	MANZANILLO(MX)	54	63	6	295	69	1	2
659	MANZANILLO(MX)	54	63	13	311	76	1	2
660	MANZANILLO(MX)	54	63	4	491	67	1	3
661	MANZANILLO(MX)	54	63	11	502	74	1	3
662	BALBOA	55	68	6	492	74	1	3
663	BALBOA	55	68	13	503	81	1	3
664	SHEKOU	62	35	3	289	38	1	2
665	SHEKOU	62	35	10	305	45	1	2
666	HONG KONG	63	36	3	290	39	1	2
667	HONG KONG	63	36	10	306	46	1	2
668	HONG KONG	63	36	2	486	38	1	3
669	HONG KONG	63	36	9	497	45	1	3
670	KAOHSIUNG	64	38	3	291	41	1	2
671	KAOHSIUNG	64	38	10	307	48	1	2
672	KAOHSIUNG	64	38	3	488	41	1	3
673	KAOHSIUNG	64	38	10	499	48	1	3
674	NINGBO	65	40	3	292	43	1	2
675	NINGBO	65	40	10	308	50	1	2
676	NINGBO	65	40	4	490	44	1	3
677	NINGBO	65	40	11	501	51	1	3
678	SHANGHAI	66	41	4	293	45	1	2
679	SHANGHAI	66	41	11	309	52	1	2
680	SHANGHAI	66	41	2	489	43	1	3
681	SHANGHAI	66	41	9	500	50	1	3
682	BUSAN(KOREA)	68	46	3	294	49	1	2
683	BUSAN(KOREA)	68	46	10	310	56	1	2
684	MANZANILLO(MX)	69	70	1	237	71	1	2
685	MANZANILLO(MX)	69	70	8	253	78	1	2
686	MANZANILLO(MX)	69	70	6	311	76	1	2
687	MANZANILLO(MX)	69	70	13	327	83	1	2
688	MANZANILLO(MX)	69	70	4	502	74	1	3
689	MANZANILLO(MX)	69	70	11	513	81	1	3
690	BALBOA	70	75	6	503	81	1	3
691	BALBOA	70	75	13	514	88	1	3
692	SHEKOU	77	42	3	305	45	1	2
693	SHEKOU	77	42	10	321	52	1	2
694	HONG KONG	78	43	3	306	46	1	2
695	HONG KONG	78	43	10	322	53	1	2
696	HONG KONG	78	43	2	497	45	1	3
697	HONG KONG	78	43	9	508	52	1	3
698	KAOHSIUNG	79	45	3	307	48	1	2
699	KAOHSIUNG	79	45	10	323	55	1	2
700	KAOHSIUNG	79	45	3	499	48	1	3
701	KAOHSIUNG	79	45	10	510	55	1	3
702	NINGBO	80	47	3	308	50	1	2
703	NINGBO	80	47	10	324	57	1	2
704	NINGBO	80	47	4	501	51	1	3
705	NINGBO	80	47	11	512	58	1	3
706	SHANGHAI	81	48	4	309	52	1	2
707	SHANGHAI	81	48	11	325	59	1	2
708	SHANGHAI	81	48	2	500	50	1	3
709	SHANGHAI	81	48	9	511	57	1	3
710	BUSAN(KOREA)	83	53	3	310	56	1	2
711	BUSAN(KOREA)	83	53	10	326	63	1	2
712	MANZANILLO(MX)	84	77	1	253	78	1	2
713	MANZANILLO(MX)	84	77	8	269	85	1	2
714	MANZANILLO(MX)	84	77	6	327	83	1	2
715	MANZANILLO(MX)	84	77	13	343	90	1	2
716	MANZANILLO(MX)	84	77	4	513	81	1	3
717	MANZANILLO(MX)	84	77	11	524	88	1	3
718	BALBOA	85	82	6	514	88	1	3
719	BALBOA	85	82	13	525	95	1	3
720	SHEKOU	92	49	3	321	52	1	2
721	SHEKOU	92	49	10	337	59	1	2
722	HONG KONG	93	50	3	322	53	1	2
723	HONG KONG	93	50	10	338	60	1	2
724	HONG KONG	93	50	2	508	52	1	3
725	HONG KONG	93	50	9	519	59	1	3
726	KAOHSIUNG	94	52	3	323	55	1	2
727	KAOHSIUNG	94	52	10	339	62	1	2
728	KAOHSIUNG	94	52	3	510	55	1	3
729	KAOHSIUNG	94	52	10	521	62	1	3
730	NINGBO	95	54	3	324	57	1	2
731	NINGBO	95	54	10	340	64	1	2
732	NINGBO	95	54	4	512	58	1	3
733	NINGBO	95	54	11	523	65	1	3
734	SHANGHAI	96	55	4	325	59	1	2
735	SHANGHAI	96	55	11	341	66	1	2
736	SHANGHAI	96	55	2	511	57	1	3
737	SHANGHAI	96	55	9	522	64	1	3
738	BUSAN(KOREA)	98	60	3	326	63	1	2
739	BUSAN(KOREA)	98	60	10	342	70	1	2
740	MANZANILLO(MX)	99	84	1	269	85	1	2
741	MANZANILLO(MX)	99	84	8	285	92	1	2
742	MANZANILLO(MX)	99	84	6	343	90	1	2
743	MANZANILLO(MX)	99	84	13	359	97	1	2
744	MANZANILLO(MX)	99	84	4	524	88	1	3
745	MANZANILLO(MX)	99	84	11	535	95	1	3
746	BALBOA	100	89	6	525	95	1	3
747	BALBOA	100	89	13	536	102	1	3
748	SHEKOU	107	56	3	337	59	1	2
749	SHEKOU	107	56	10	353	66	1	2
750	HONG KONG	108	57	3	338	60	1	2
751	HONG KONG	108	57	10	354	67	1	2
752	HONG KONG	108	57	2	519	59	1	3
753	HONG KONG	108	57	9	530	66	1	3
754	KAOHSIUNG	109	59	3	339	62	1	2
755	KAOHSIUNG	109	59	10	355	69	1	2
756	KAOHSIUNG	109	59	3	521	62	1	3
757	KAOHSIUNG	109	59	10	532	69	1	3
758	NINGBO	110	61	3	340	64	1	2
759	NINGBO	110	61	10	356	71	1	2
760	NINGBO	110	61	4	523	65	1	3
761	NINGBO	110	61	11	534	72	1	3
762	SHANGHAI	111	62	4	341	66	1	2
763	SHANGHAI	111	62	11	357	73	1	2
764	SHANGHAI	111	62	2	522	64	1	3
765	SHANGHAI	111	62	9	533	71	1	3
766	BUSAN(KOREA)	113	67	3	342	70	1	2
767	BUSAN(KOREA)	113	67	10	358	77	1	2
768	MANZANILLO(MX)	114	91	1	285	92	1	2
769	MANZANILLO(MX)	114	91	8	301	99	1	2
770	MANZANILLO(MX)	114	91	6	359	97	1	2
771	MANZANILLO(MX)	114	91	13	375	104	1	2
772	MANZANILLO(MX)	114	91	4	535	95	1	3
773	MANZANILLO(MX)	114	91	11	546	102	1	3
774	BALBOA	115	96	6	536	102	1	3
775	BALBOA	115	96	13	547	109	1	3
776	SHEKOU	122	63	3	353	66	1	2
777	SHEKOU	122	63	10	369	73	1	2
778	HONG KONG	123	64	3	354	67	1	2
779	HONG KONG	123	64	10	370	74	1	2
780	HONG KONG	123	64	2	530	66	1	3
781	HONG KONG	123	64	9	541	73	1	3
782	KAOHSIUNG	124	66	3	355	69	1	2
783	KAOHSIUNG	124	66	10	371	76	1	2
784	KAOHSIUNG	124	66	3	532	69	1	3
785	KAOHSIUNG	124	66	10	543	76	1	3
786	NINGBO	125	68	3	356	71	1	2
787	NINGBO	125	68	10	372	78	1	2
788	NINGBO	125	68	4	534	72	1	3
789	NINGBO	125	68	11	545	79	1	3
790	SHANGHAI	126	69	4	357	73	1	2
791	SHANGHAI	126	69	11	373	80	1	2
792	SHANGHAI	126	69	2	533	71	1	3
793	SHANGHAI	126	69	9	544	78	1	3
794	BUSAN(KOREA)	128	74	9	223	83	1	2
795	BUSAN(KOREA)	128	74	3	358	77	1	2
796	BUSAN(KOREA)	128	74	10	374	84	1	2
797	MANZANILLO(MX)	129	98	1	301	99	1	2
798	MANZANILLO(MX)	129	98	8	317	106	1	2
799	MANZANILLO(MX)	129	98	6	375	104	1	2
800	MANZANILLO(MX)	129	98	13	391	111	1	2
801	MANZANILLO(MX)	129	98	4	546	102	1	3
802	MANZANILLO(MX)	129	98	11	556	109	1	3
803	BALBOA	130	103	6	547	109	1	3
804	BALBOA	130	103	13	557	116	1	3
805	SHEKOU	137	70	3	369	73	1	2
806	SHEKOU	137	70	10	385	80	1	2
807	HONG KONG	138	71	3	370	74	1	2
808	HONG KONG	138	71	10	386	81	1	2
809	HONG KONG	138	71	9	441	80	1	3
810	HONG KONG	138	71	2	541	73	1	3
811	KAOHSIUNG	139	73	3	371	76	1	2
812	KAOHSIUNG	139	73	10	387	83	1	2
813	KAOHSIUNG	139	73	3	543	76	1	3
814	KAOHSIUNG	139	73	10	553	83	1	3
815	NINGBO	140	75	3	372	78	1	2
816	NINGBO	140	75	10	388	85	1	2
817	NINGBO	140	75	4	545	79	1	3
818	NINGBO	140	75	11	555	86	1	3
819	SHANGHAI	141	76	4	373	80	1	2
820	SHANGHAI	141	76	11	389	87	1	2
821	SHANGHAI	141	76	2	544	78	1	3
822	SHANGHAI	141	76	9	554	85	1	3
823	BUSAN(KOREA)	143	81	2	223	83	1	2
824	BUSAN(KOREA)	143	81	9	239	90	1	2
825	BUSAN(KOREA)	143	81	3	374	84	1	2
826	BUSAN(KOREA)	143	81	10	390	91	1	2
827	MANZANILLO(MX)	144	105	1	317	106	1	2
828	MANZANILLO(MX)	144	105	8	333	113	1	2
829	MANZANILLO(MX)	144	105	6	391	111	1	2
830	MANZANILLO(MX)	144	105	13	406	118	1	2
831	MANZANILLO(MX)	144	105	4	556	109	1	3
832	MANZANILLO(MX)	144	105	11	566	116	1	3
833	BALBOA	145	110	6	557	116	1	3
834	BALBOA	145	110	13	567	123	1	3
835	SHEKOU	152	77	10	224	87	1	2
836	SHEKOU	152	77	3	385	80	1	2
837	HONG KONG	153	78	3	386	81	1	2
838	HONG KONG	153	78	10	401	88	1	2
839	HONG KONG	153	78	2	441	80	1	3
840	HONG KONG	153	78	9	452	87	1	3
841	KAOHSIUNG	154	80	3	387	83	1	2
842	KAOHSIUNG	154	80	10	402	90	1	2
843	KAOHSIUNG	154	80	3	553	83	1	3
844	KAOHSIUNG	154	80	10	563	90	1	3
845	NINGBO	155	82	3	388	85	1	2
846	NINGBO	155	82	10	403	92	1	2
847	NINGBO	155	82	4	555	86	1	3
848	NINGBO	155	82	11	565	93	1	3
849	SHANGHAI	156	83	4	389	87	1	2
850	SHANGHAI	156	83	11	404	94	1	2
851	SHANGHAI	156	83	2	554	85	1	3
852	SHANGHAI	156	83	9	564	92	1	3
853	BUSAN(KOREA)	158	88	2	239	90	1	2
854	BUSAN(KOREA)	158	88	9	255	97	1	2
855	BUSAN(KOREA)	158	88	3	390	91	1	2
856	BUSAN(KOREA)	158	88	10	405	98	1	2
857	MANZANILLO(MX)	159	112	1	333	113	1	2
858	MANZANILLO(MX)	159	112	8	349	120	1	2
859	MANZANILLO(MX)	159	112	6	406	118	1	2
860	MANZANILLO(MX)	159	112	13	421	125	1	2
861	MANZANILLO(MX)	159	112	4	566	116	1	3
862	MANZANILLO(MX)	159	112	11	576	123	1	3
863	BALBOA	160	117	6	567	123	1	3
864	BALBOA	160	117	13	577	130	1	3
865	SHEKOU	167	84	3	224	87	1	2
866	SHEKOU	167	84	10	240	94	1	2
867	HONG KONG	168	85	3	401	88	1	2
868	HONG KONG	168	85	10	416	95	1	2
869	HONG KONG	168	85	2	452	87	1	3
870	HONG KONG	168	85	9	463	94	1	3
871	KAOHSIUNG	169	87	3	402	90	1	2
872	KAOHSIUNG	169	87	10	417	97	1	2
873	KAOHSIUNG	169	87	3	563	90	1	3
874	KAOHSIUNG	169	87	10	573	97	1	3
875	NINGBO	170	89	3	403	92	1	2
876	NINGBO	170	89	10	418	99	1	2
877	NINGBO	170	89	4	565	93	1	3
878	NINGBO	170	89	11	575	100	1	3
879	SHANGHAI	171	90	4	404	94	1	2
880	SHANGHAI	171	90	11	419	101	1	2
881	SHANGHAI	171	90	2	564	92	1	3
882	SHANGHAI	171	90	9	574	99	1	3
883	BUSAN(KOREA)	173	95	2	255	97	1	2
884	BUSAN(KOREA)	173	95	9	271	104	1	2
885	BUSAN(KOREA)	173	95	3	405	98	1	2
886	BUSAN(KOREA)	173	95	10	420	105	1	2
887	MANZANILLO(MX)	174	119	1	349	120	1	2
888	MANZANILLO(MX)	174	119	8	365	127	1	2
889	MANZANILLO(MX)	174	119	6	421	125	1	2
890	MANZANILLO(MX)	174	119	4	576	123	1	3
891	MANZANILLO(MX)	174	119	11	586	130	1	3
892	BALBOA	175	124	6	577	130	1	3
893	BALBOA	175	124	13	587	137	1	3
894	SHEKOU	181	91	3	240	94	1	2
895	SHEKOU	181	91	10	256	101	1	2
896	HONG KONG	182	92	3	416	95	1	2
897	HONG KONG	182	92	2	463	94	1	3
898	HONG KONG	182	92	9	474	101	1	3
899	KAOHSIUNG	183	94	3	417	97	1	2
900	KAOHSIUNG	183	94	3	573	97	1	3
901	KAOHSIUNG	183	94	10	583	104	1	3
902	NINGBO	184	96	3	418	99	1	2
903	NINGBO	184	96	4	575	100	1	3
904	NINGBO	184	96	11	585	107	1	3
905	SHANGHAI	185	97	4	419	101	1	2
906	SHANGHAI	185	97	2	574	99	1	3
907	SHANGHAI	185	97	9	584	106	1	3
908	BUSAN(KOREA)	187	102	2	271	104	1	2
909	BUSAN(KOREA)	187	102	9	287	111	1	2
910	BUSAN(KOREA)	187	102	3	420	105	1	2
911	MANZANILLO(MX)	188	126	1	365	127	1	2
912	MANZANILLO(MX)	188	126	8	381	134	1	2
913	MANZANILLO(MX)	188	126	4	586	130	1	3
914	BALBOA	189	131	6	587	137	1	3
915	SHEKOU	195	98	3	256	101	1	2
916	SHEKOU	195	98	10	272	108	1	2
917	HONG KONG	196	99	2	474	101	1	3
918	HONG KONG	196	99	9	485	108	1	3
919	KAOHSIUNG	197	101	3	583	104	1	3
920	NINGBO	198	103	4	585	107	1	3
921	SHANGHAI	199	104	2	584	106	1	3
922	BUSAN(KOREA)	201	109	2	287	111	1	2
923	BUSAN(KOREA)	201	109	9	303	118	1	2
924	MANZANILLO(MX)	202	133	1	381	134	1	2
925	MANZANILLO(MX)	202	133	8	397	141	1	2
926	SHEKOU	209	3	4	2	7	2	1
927	SHEKOU	209	3	11	17	14	2	1
928	HONG KONG	210	4	4	3	8	2	1
929	HONG KONG	210	4	11	18	15	2	1
930	HONG KONG	210	4	6	442	10	2	3
931	HONG KONG	210	4	13	453	17	2	3
932	KAOHSIUNG	211	6	4	4	10	2	1
933	KAOHSIUNG	211	6	11	19	17	2	1
934	KAOHSIUNG	211	6	0	433	6	2	3
935	KAOHSIUNG	211	6	7	444	13	2	3
936	NINGBO	212	8	4	5	12	2	1
937	NINGBO	212	8	11	20	19	2	1
938	NINGBO	212	8	1	435	9	2	3
939	NINGBO	212	8	8	446	16	2	3
940	SHANGHAI	213	10	3	6	13	2	1
941	SHANGHAI	213	10	10	21	20	2	1
942	SHANGHAI	213	10	5	445	15	2	3
943	SHANGHAI	213	10	12	456	22	2	3
944	BUSAN(KOREA)	214	14	4	8	18	2	1
945	BUSAN(KOREA)	214	14	11	23	25	2	1
946	MANZANILLO(MX)	215	34	8	9	42	2	1
947	MANZANILLO(MX)	215	34	5	447	39	2	3
948	MANZANILLO(MX)	215	34	12	458	46	2	3
949	BUENAVENTURA	217	43	6	449	49	2	3
950	BUENAVENTURA	217	43	13	460	56	2	3
951	CALLAO	218	49	5	450	54	2	3
952	CALLAO	218	49	12	461	61	2	3
953	MANZANILLO(MX)	221	64	6	69	70	2	1
954	MANZANILLO(MX)	221	64	13	84	77	2	1
955	MANZANILLO(MX)	221	64	3	491	67	2	3
956	MANZANILLO(MX)	221	64	10	502	74	2	3
957	BUSAN(KOREA)	223	83	5	158	88	2	1
958	BUSAN(KOREA)	223	83	12	173	95	2	1
959	SHEKOU	224	87	4	181	91	2	1
960	SHEKOU	224	87	11	195	98	2	1
961	SHEKOU	225	10	4	17	14	2	1
962	SHEKOU	225	10	11	32	21	2	1
963	HONG KONG	226	11	4	18	15	2	1
964	HONG KONG	226	11	11	33	22	2	1
965	HONG KONG	226	11	6	453	17	2	3
966	HONG KONG	226	11	13	464	24	2	3
967	KAOHSIUNG	227	13	4	19	17	2	1
968	KAOHSIUNG	227	13	11	34	24	2	1
969	KAOHSIUNG	227	13	0	444	13	2	3
970	KAOHSIUNG	227	13	7	455	20	2	3
971	NINGBO	228	15	4	20	19	2	1
972	NINGBO	228	15	11	35	26	2	1
973	NINGBO	228	15	1	446	16	2	3
974	NINGBO	228	15	8	457	23	2	3
975	SHANGHAI	229	17	3	21	20	2	1
976	SHANGHAI	229	17	10	36	27	2	1
977	SHANGHAI	229	17	5	456	22	2	3
978	SHANGHAI	229	17	12	467	29	2	3
979	BUSAN(KOREA)	230	21	4	23	25	2	1
980	BUSAN(KOREA)	230	21	11	38	32	2	1
981	MANZANILLO(MX)	231	41	1	9	42	2	1
982	MANZANILLO(MX)	231	41	8	24	49	2	1
983	MANZANILLO(MX)	231	41	5	458	46	2	3
984	MANZANILLO(MX)	231	41	12	469	53	2	3
985	BUENAVENTURA	233	50	6	460	56	2	3
986	BUENAVENTURA	233	50	13	471	63	2	3
987	CALLAO	234	56	5	461	61	2	3
988	CALLAO	234	56	12	472	68	2	3
989	MANZANILLO(MX)	237	71	6	84	77	2	1
990	MANZANILLO(MX)	237	71	13	99	84	2	1
991	MANZANILLO(MX)	237	71	3	502	74	2	3
992	MANZANILLO(MX)	237	71	10	513	81	2	3
993	BUSAN(KOREA)	239	90	5	173	95	2	1
994	BUSAN(KOREA)	239	90	12	187	102	2	1
995	SHEKOU	240	94	4	195	98	2	1
996	SHEKOU	241	17	4	32	21	2	1
997	SHEKOU	241	17	11	47	28	2	1
998	HONG KONG	242	18	4	33	22	2	1
999	HONG KONG	242	18	11	48	29	2	1
1000	HONG KONG	242	18	6	464	24	2	3
1001	HONG KONG	242	18	13	475	31	2	3
1002	KAOHSIUNG	243	20	4	34	24	2	1
1003	KAOHSIUNG	243	20	11	49	31	2	1
1004	KAOHSIUNG	243	20	0	455	20	2	3
1005	KAOHSIUNG	243	20	7	466	27	2	3
1006	NINGBO	244	22	4	35	26	2	1
1007	NINGBO	244	22	11	50	33	2	1
1008	NINGBO	244	22	1	457	23	2	3
1009	NINGBO	244	22	8	468	30	2	3
1010	SHANGHAI	245	24	3	36	27	2	1
1011	SHANGHAI	245	24	10	51	34	2	1
1012	SHANGHAI	245	24	5	467	29	2	3
1013	SHANGHAI	245	24	12	478	36	2	3
1014	BUSAN(KOREA)	246	28	4	38	32	2	1
1015	BUSAN(KOREA)	246	28	11	53	39	2	1
1016	MANZANILLO(MX)	247	48	1	24	49	2	1
1017	MANZANILLO(MX)	247	48	8	39	56	2	1
1018	MANZANILLO(MX)	247	48	5	469	53	2	3
1019	MANZANILLO(MX)	247	48	12	480	60	2	3
1020	BUENAVENTURA	249	57	6	471	63	2	3
1021	BUENAVENTURA	249	57	13	482	70	2	3
1022	CALLAO	250	63	5	472	68	2	3
1023	CALLAO	250	63	12	483	75	2	3
1024	MANZANILLO(MX)	253	78	6	99	84	2	1
1025	MANZANILLO(MX)	253	78	13	114	91	2	1
1026	MANZANILLO(MX)	253	78	3	513	81	2	3
1027	MANZANILLO(MX)	253	78	10	524	88	2	3
1028	BUSAN(KOREA)	255	97	5	187	102	2	1
1029	BUSAN(KOREA)	255	97	12	201	109	2	1
1030	SHEKOU	257	24	4	47	28	2	1
1031	SHEKOU	257	24	11	62	35	2	1
1032	HONG KONG	258	25	4	48	29	2	1
1033	HONG KONG	258	25	11	63	36	2	1
1034	HONG KONG	258	25	6	475	31	2	3
1035	HONG KONG	258	25	13	486	38	2	3
1036	KAOHSIUNG	259	27	4	49	31	2	1
1037	KAOHSIUNG	259	27	11	64	38	2	1
1038	KAOHSIUNG	259	27	0	466	27	2	3
1039	KAOHSIUNG	259	27	7	477	34	2	3
1040	NINGBO	260	29	4	50	33	2	1
1041	NINGBO	260	29	11	65	40	2	1
1042	NINGBO	260	29	1	468	30	2	3
1043	NINGBO	260	29	8	479	37	2	3
1044	SHANGHAI	261	31	3	51	34	2	1
1045	SHANGHAI	261	31	10	66	41	2	1
1046	SHANGHAI	261	31	5	478	36	2	3
1047	SHANGHAI	261	31	12	489	43	2	3
1048	BUSAN(KOREA)	262	35	4	53	39	2	1
1049	BUSAN(KOREA)	262	35	11	68	46	2	1
1050	MANZANILLO(MX)	263	55	1	39	56	2	1
1051	MANZANILLO(MX)	263	55	8	54	63	2	1
1052	MANZANILLO(MX)	263	55	5	480	60	2	3
1053	MANZANILLO(MX)	263	55	12	491	67	2	3
1054	BUENAVENTURA	265	64	6	482	70	2	3
1055	BUENAVENTURA	265	64	13	493	77	2	3
1056	CALLAO	266	70	5	483	75	2	3
1057	CALLAO	266	70	12	494	82	2	3
1058	MANZANILLO(MX)	269	85	6	114	91	2	1
1059	MANZANILLO(MX)	269	85	13	129	98	2	1
1060	MANZANILLO(MX)	269	85	3	524	88	2	3
1061	MANZANILLO(MX)	269	85	10	535	95	2	3
1062	BUSAN(KOREA)	271	104	5	201	109	2	1
1063	SHEKOU	273	31	4	62	35	2	1
1064	SHEKOU	273	31	11	77	42	2	1
1065	HONG KONG	274	32	4	63	36	2	1
1066	HONG KONG	274	32	11	78	43	2	1
1067	HONG KONG	274	32	6	486	38	2	3
1068	HONG KONG	274	32	13	497	45	2	3
1069	KAOHSIUNG	275	34	4	64	38	2	1
1070	KAOHSIUNG	275	34	11	79	45	2	1
1071	KAOHSIUNG	275	34	0	477	34	2	3
1072	KAOHSIUNG	275	34	7	488	41	2	3
1073	NINGBO	276	36	4	65	40	2	1
1074	NINGBO	276	36	11	80	47	2	1
1075	NINGBO	276	36	1	479	37	2	3
1076	NINGBO	276	36	8	490	44	2	3
1077	SHANGHAI	277	38	3	66	41	2	1
1078	SHANGHAI	277	38	10	81	48	2	1
1079	SHANGHAI	277	38	5	489	43	2	3
1080	SHANGHAI	277	38	12	500	50	2	3
1081	BUSAN(KOREA)	278	42	4	68	46	2	1
1082	BUSAN(KOREA)	278	42	11	83	53	2	1
1083	MANZANILLO(MX)	279	62	1	54	63	2	1
1084	MANZANILLO(MX)	279	62	8	69	70	2	1
1085	MANZANILLO(MX)	279	62	5	491	67	2	3
1086	MANZANILLO(MX)	279	62	12	502	74	2	3
1087	BUENAVENTURA	281	71	6	493	77	2	3
1088	BUENAVENTURA	281	71	13	504	84	2	3
1089	CALLAO	282	77	5	494	82	2	3
1090	CALLAO	282	77	12	505	89	2	3
1091	MANZANILLO(MX)	285	92	6	129	98	2	1
1092	MANZANILLO(MX)	285	92	13	144	105	2	1
1093	MANZANILLO(MX)	285	92	3	535	95	2	3
1094	MANZANILLO(MX)	285	92	10	546	102	2	3
1095	SHEKOU	289	38	4	77	42	2	1
1096	SHEKOU	289	38	11	92	49	2	1
1097	HONG KONG	290	39	4	78	43	2	1
1098	HONG KONG	290	39	11	93	50	2	1
1099	HONG KONG	290	39	6	497	45	2	3
1100	HONG KONG	290	39	13	508	52	2	3
1101	KAOHSIUNG	291	41	4	79	45	2	1
1102	KAOHSIUNG	291	41	11	94	52	2	1
1103	KAOHSIUNG	291	41	0	488	41	2	3
1104	KAOHSIUNG	291	41	7	499	48	2	3
1105	NINGBO	292	43	4	80	47	2	1
1106	NINGBO	292	43	11	95	54	2	1
1107	NINGBO	292	43	1	490	44	2	3
1108	NINGBO	292	43	8	501	51	2	3
1109	SHANGHAI	293	45	3	81	48	2	1
1110	SHANGHAI	293	45	10	96	55	2	1
1111	SHANGHAI	293	45	5	500	50	2	3
1112	SHANGHAI	293	45	12	511	57	2	3
1113	BUSAN(KOREA)	294	49	4	83	53	2	1
1114	BUSAN(KOREA)	294	49	11	98	60	2	1
1115	MANZANILLO(MX)	295	69	1	69	70	2	1
1116	MANZANILLO(MX)	295	69	8	84	77	2	1
1117	MANZANILLO(MX)	295	69	5	502	74	2	3
1118	MANZANILLO(MX)	295	69	12	513	81	2	3
1119	BUENAVENTURA	297	78	6	504	84	2	3
1120	BUENAVENTURA	297	78	13	515	91	2	3
1121	CALLAO	298	84	5	505	89	2	3
1122	CALLAO	298	84	12	516	96	2	3
1123	MANZANILLO(MX)	301	99	6	144	105	2	1
1124	MANZANILLO(MX)	301	99	13	159	112	2	1
1125	MANZANILLO(MX)	301	99	3	546	102	2	3
1126	MANZANILLO(MX)	301	99	10	556	109	2	3
1127	SHEKOU	305	45	4	92	49	2	1
1128	SHEKOU	305	45	11	107	56	2	1
1129	HONG KONG	306	46	4	93	50	2	1
1130	HONG KONG	306	46	11	108	57	2	1
1131	HONG KONG	306	46	6	508	52	2	3
1132	HONG KONG	306	46	13	519	59	2	3
1133	KAOHSIUNG	307	48	4	94	52	2	1
1134	KAOHSIUNG	307	48	11	109	59	2	1
1135	KAOHSIUNG	307	48	0	499	48	2	3
1136	KAOHSIUNG	307	48	7	510	55	2	3
1137	NINGBO	308	50	4	95	54	2	1
1138	NINGBO	308	50	11	110	61	2	1
1139	NINGBO	308	50	1	501	51	2	3
1140	NINGBO	308	50	8	512	58	2	3
1141	SHANGHAI	309	52	3	96	55	2	1
1142	SHANGHAI	309	52	10	111	62	2	1
1143	SHANGHAI	309	52	5	511	57	2	3
1144	SHANGHAI	309	52	12	522	64	2	3
1145	BUSAN(KOREA)	310	56	4	98	60	2	1
1146	BUSAN(KOREA)	310	56	11	113	67	2	1
1147	MANZANILLO(MX)	311	76	1	84	77	2	1
1148	MANZANILLO(MX)	311	76	8	99	84	2	1
1149	MANZANILLO(MX)	311	76	5	513	81	2	3
1150	MANZANILLO(MX)	311	76	12	524	88	2	3
1151	BUENAVENTURA	313	85	6	515	91	2	3
1152	BUENAVENTURA	313	85	13	526	98	2	3
1153	CALLAO	314	91	5	516	96	2	3
1154	CALLAO	314	91	12	527	103	2	3
1155	MANZANILLO(MX)	317	106	6	159	112	2	1
1156	MANZANILLO(MX)	317	106	13	174	119	2	1
1157	MANZANILLO(MX)	317	106	3	556	109	2	3
1158	MANZANILLO(MX)	317	106	10	566	116	2	3
1159	SHEKOU	321	52	4	107	56	2	1
1160	SHEKOU	321	52	11	122	63	2	1
1161	HONG KONG	322	53	4	108	57	2	1
1162	HONG KONG	322	53	11	123	64	2	1
1163	HONG KONG	322	53	6	519	59	2	3
1164	HONG KONG	322	53	13	530	66	2	3
1165	KAOHSIUNG	323	55	4	109	59	2	1
1166	KAOHSIUNG	323	55	11	124	66	2	1
1167	KAOHSIUNG	323	55	0	510	55	2	3
1168	KAOHSIUNG	323	55	7	521	62	2	3
1169	NINGBO	324	57	4	110	61	2	1
1170	NINGBO	324	57	11	125	68	2	1
1171	NINGBO	324	57	1	512	58	2	3
1172	NINGBO	324	57	8	523	65	2	3
1173	SHANGHAI	325	59	3	111	62	2	1
1174	SHANGHAI	325	59	10	126	69	2	1
1175	SHANGHAI	325	59	5	522	64	2	3
1176	SHANGHAI	325	59	12	533	71	2	3
1177	BUSAN(KOREA)	326	63	4	113	67	2	1
1178	BUSAN(KOREA)	326	63	11	128	74	2	1
1179	MANZANILLO(MX)	327	83	1	99	84	2	1
1180	MANZANILLO(MX)	327	83	8	114	91	2	1
1181	MANZANILLO(MX)	327	83	5	524	88	2	3
1182	MANZANILLO(MX)	327	83	12	535	95	2	3
1183	BUENAVENTURA	329	92	6	526	98	2	3
1184	BUENAVENTURA	329	92	13	537	105	2	3
1185	CALLAO	330	98	5	527	103	2	3
1186	CALLAO	330	98	12	538	110	2	3
1187	MANZANILLO(MX)	333	113	6	174	119	2	1
1188	MANZANILLO(MX)	333	113	13	188	126	2	1
1189	MANZANILLO(MX)	333	113	3	566	116	2	3
1190	MANZANILLO(MX)	333	113	10	576	123	2	3
1191	SHEKOU	337	59	4	122	63	2	1
1192	SHEKOU	337	59	11	137	70	2	1
1193	HONG KONG	338	60	4	123	64	2	1
1194	HONG KONG	338	60	11	138	71	2	1
1195	HONG KONG	338	60	6	530	66	2	3
1196	HONG KONG	338	60	13	541	73	2	3
1197	KAOHSIUNG	339	62	4	124	66	2	1
1198	KAOHSIUNG	339	62	11	139	73	2	1
1199	KAOHSIUNG	339	62	0	521	62	2	3
1200	KAOHSIUNG	339	62	7	532	69	2	3
1201	NINGBO	340	64	4	125	68	2	1
1202	NINGBO	340	64	11	140	75	2	1
1203	NINGBO	340	64	1	523	65	2	3
1204	NINGBO	340	64	8	534	72	2	3
1205	SHANGHAI	341	66	3	126	69	2	1
1206	SHANGHAI	341	66	10	141	76	2	1
1207	SHANGHAI	341	66	5	533	71	2	3
1208	SHANGHAI	341	66	12	544	78	2	3
1209	BUSAN(KOREA)	342	70	4	128	74	2	1
1210	BUSAN(KOREA)	342	70	11	143	81	2	1
1211	MANZANILLO(MX)	343	90	1	114	91	2	1
1212	MANZANILLO(MX)	343	90	8	129	98	2	1
1213	MANZANILLO(MX)	343	90	5	535	95	2	3
1214	MANZANILLO(MX)	343	90	12	546	102	2	3
1215	BUENAVENTURA	345	99	6	537	105	2	3
1216	BUENAVENTURA	345	99	13	548	112	2	3
1217	CALLAO	346	105	5	538	110	2	3
1218	CALLAO	346	105	12	549	117	2	3
1219	MANZANILLO(MX)	349	120	6	188	126	2	1
1220	MANZANILLO(MX)	349	120	13	202	133	2	1
1221	MANZANILLO(MX)	349	120	3	576	123	2	3
1222	MANZANILLO(MX)	349	120	10	586	130	2	3
1223	SHEKOU	353	66	4	137	70	2	1
1224	SHEKOU	353	66	11	152	77	2	1
1225	HONG KONG	354	67	4	138	71	2	1
1226	HONG KONG	354	67	11	153	78	2	1
1227	HONG KONG	354	67	13	441	80	2	3
1228	HONG KONG	354	67	6	541	73	2	3
1229	KAOHSIUNG	355	69	4	139	73	2	1
1230	KAOHSIUNG	355	69	11	154	80	2	1
1231	KAOHSIUNG	355	69	0	532	69	2	3
1232	KAOHSIUNG	355	69	7	543	76	2	3
1233	NINGBO	356	71	4	140	75	2	1
1234	NINGBO	356	71	11	155	82	2	1
1235	NINGBO	356	71	1	534	72	2	3
1236	NINGBO	356	71	8	545	79	2	3
1237	SHANGHAI	357	73	3	141	76	2	1
1238	SHANGHAI	357	73	10	156	83	2	1
1239	SHANGHAI	357	73	5	544	78	2	3
1240	SHANGHAI	357	73	12	554	85	2	3
1241	BUSAN(KOREA)	358	77	4	143	81	2	1
1242	BUSAN(KOREA)	358	77	11	158	88	2	1
1243	MANZANILLO(MX)	359	97	1	129	98	2	1
1244	MANZANILLO(MX)	359	97	8	144	105	2	1
1245	MANZANILLO(MX)	359	97	5	546	102	2	3
1246	MANZANILLO(MX)	359	97	12	556	109	2	3
1247	BUENAVENTURA	361	106	6	548	112	2	3
1248	BUENAVENTURA	361	106	13	558	119	2	3
1249	CALLAO	362	112	5	549	117	2	3
1250	CALLAO	362	112	12	559	124	2	3
1251	MANZANILLO(MX)	365	127	6	202	133	2	1
1252	MANZANILLO(MX)	365	127	3	586	130	2	3
1253	SHEKOU	369	73	4	152	77	2	1
1254	SHEKOU	369	73	11	167	84	2	1
1255	HONG KONG	370	74	4	153	78	2	1
1256	HONG KONG	370	74	11	168	85	2	1
1257	HONG KONG	370	74	6	441	80	2	3
1258	HONG KONG	370	74	13	452	87	2	3
1259	KAOHSIUNG	371	76	4	154	80	2	1
1260	KAOHSIUNG	371	76	11	169	87	2	1
1261	KAOHSIUNG	371	76	0	543	76	2	3
1262	KAOHSIUNG	371	76	7	553	83	2	3
1263	NINGBO	372	78	4	155	82	2	1
1264	NINGBO	372	78	11	170	89	2	1
1265	NINGBO	372	78	1	545	79	2	3
1266	NINGBO	372	78	8	555	86	2	3
1267	SHANGHAI	373	80	3	156	83	2	1
1268	SHANGHAI	373	80	10	171	90	2	1
1269	SHANGHAI	373	80	5	554	85	2	3
1270	SHANGHAI	373	80	12	564	92	2	3
1271	BUSAN(KOREA)	374	84	4	158	88	2	1
1272	BUSAN(KOREA)	374	84	11	173	95	2	1
1273	MANZANILLO(MX)	375	104	1	144	105	2	1
1274	MANZANILLO(MX)	375	104	8	159	112	2	1
1275	MANZANILLO(MX)	375	104	5	556	109	2	3
1276	MANZANILLO(MX)	375	104	12	566	116	2	3
1277	BUENAVENTURA	377	113	6	558	119	2	3
1278	BUENAVENTURA	377	113	13	568	126	2	3
1279	CALLAO	378	119	5	559	124	2	3
1280	CALLAO	378	119	12	569	131	2	3
1281	SHEKOU	385	80	4	167	84	2	1
1282	SHEKOU	385	80	11	181	91	2	1
1283	HONG KONG	386	81	4	168	85	2	1
1284	HONG KONG	386	81	11	182	92	2	1
1285	HONG KONG	386	81	6	452	87	2	3
1286	HONG KONG	386	81	13	463	94	2	3
1287	KAOHSIUNG	387	83	4	169	87	2	1
1288	KAOHSIUNG	387	83	11	183	94	2	1
1289	KAOHSIUNG	387	83	0	553	83	2	3
1290	KAOHSIUNG	387	83	7	563	90	2	3
1291	NINGBO	388	85	4	170	89	2	1
1292	NINGBO	388	85	11	184	96	2	1
1293	NINGBO	388	85	1	555	86	2	3
1294	NINGBO	388	85	8	565	93	2	3
1295	SHANGHAI	389	87	3	171	90	2	1
1296	SHANGHAI	389	87	10	185	97	2	1
1297	SHANGHAI	389	87	5	564	92	2	3
1298	SHANGHAI	389	87	12	574	99	2	3
1299	BUSAN(KOREA)	390	91	4	173	95	2	1
1300	BUSAN(KOREA)	390	91	11	187	102	2	1
1301	MANZANILLO(MX)	391	111	1	159	112	2	1
1302	MANZANILLO(MX)	391	111	8	174	119	2	1
1303	MANZANILLO(MX)	391	111	5	566	116	2	3
1304	MANZANILLO(MX)	391	111	12	576	123	2	3
1305	BUENAVENTURA	393	120	6	568	126	2	3
1306	BUENAVENTURA	393	120	13	578	133	2	3
1307	CALLAO	394	126	5	569	131	2	3
1308	CALLAO	394	126	12	579	138	2	3
1309	HONG KONG	401	88	4	182	92	2	1
1310	HONG KONG	401	88	11	196	99	2	1
1311	HONG KONG	401	88	6	463	94	2	3
1312	HONG KONG	401	88	13	474	101	2	3
1313	KAOHSIUNG	402	90	4	183	94	2	1
1314	KAOHSIUNG	402	90	11	197	101	2	1
1315	KAOHSIUNG	402	90	0	563	90	2	3
1316	KAOHSIUNG	402	90	7	573	97	2	3
1317	NINGBO	403	92	4	184	96	2	1
1318	NINGBO	403	92	11	198	103	2	1
1319	NINGBO	403	92	1	565	93	2	3
1320	NINGBO	403	92	8	575	100	2	3
1321	SHANGHAI	404	94	3	185	97	2	1
1322	SHANGHAI	404	94	10	199	104	2	1
1323	SHANGHAI	404	94	5	574	99	2	3
1324	SHANGHAI	404	94	12	584	106	2	3
1325	BUSAN(KOREA)	405	98	4	187	102	2	1
1326	BUSAN(KOREA)	405	98	11	201	109	2	1
1327	MANZANILLO(MX)	406	118	1	174	119	2	1
1328	MANZANILLO(MX)	406	118	8	188	126	2	1
1329	MANZANILLO(MX)	406	118	5	576	123	2	3
1330	MANZANILLO(MX)	406	118	12	586	130	2	3
1331	BUENAVENTURA	408	127	6	578	133	2	3
1332	BUENAVENTURA	408	127	13	588	140	2	3
1333	CALLAO	409	133	5	579	138	2	3
1334	CALLAO	409	133	12	589	145	2	3
1335	HONG KONG	416	95	4	196	99	2	1
1336	HONG KONG	416	95	6	474	101	2	3
1337	HONG KONG	416	95	13	485	108	2	3
1338	KAOHSIUNG	417	97	4	197	101	2	1
1339	KAOHSIUNG	417	97	0	573	97	2	3
1340	KAOHSIUNG	417	97	7	583	104	2	3
1341	NINGBO	418	99	4	198	103	2	1
1342	NINGBO	418	99	1	575	100	2	3
1343	NINGBO	418	99	8	585	107	2	3
1344	SHANGHAI	419	101	3	199	104	2	1
1345	SHANGHAI	419	101	5	584	106	2	3
1346	BUSAN(KOREA)	420	105	4	201	109	2	1
1347	MANZANILLO(MX)	421	125	1	188	126	2	1
1348	MANZANILLO(MX)	421	125	8	202	133	2	1
1349	MANZANILLO(MX)	421	125	5	586	130	2	3
1350	BUENAVENTURA	423	134	6	588	140	2	3
1351	CALLAO	424	140	5	589	145	2	3
1352	HONG KONG	431	3	5	3	8	3	1
1353	HONG KONG	431	3	12	18	15	3	1
1354	HONG KONG	431	3	1	210	4	3	2
1355	HONG KONG	431	3	8	226	11	3	2
1356	KAOHSIUNG	433	6	4	4	10	3	1
1357	KAOHSIUNG	433	6	11	19	17	3	1
1358	KAOHSIUNG	433	6	0	211	6	3	2
1359	KAOHSIUNG	433	6	7	227	13	3	2
1360	SHANGHAI	434	8	5	6	13	3	1
1361	SHANGHAI	434	8	12	21	20	3	1
1362	SHANGHAI	434	8	2	213	10	3	2
1363	SHANGHAI	434	8	9	229	17	3	2
1364	NINGBO	435	9	3	5	12	3	1
1365	NINGBO	435	9	10	20	19	3	1
1366	NINGBO	435	9	6	228	15	3	2
1367	NINGBO	435	9	13	244	22	3	2
1368	MANZANILLO(MX)	436	32	10	9	42	3	1
1369	MANZANILLO(MX)	436	32	2	215	34	3	2
1370	MANZANILLO(MX)	436	32	9	231	41	3	2
1371	BALBOA	437	39	8	10	47	3	1
1372	BUENAVENTURA	438	42	1	217	43	3	2
1373	BUENAVENTURA	438	42	8	233	50	3	2
1374	CALLAO	439	47	2	218	49	3	2
1375	CALLAO	439	47	9	234	56	3	2
1376	HONG KONG	441	80	5	168	85	3	1
1377	HONG KONG	441	80	12	182	92	3	1
1378	HONG KONG	441	80	1	386	81	3	2
1379	HONG KONG	441	80	8	401	88	3	2
1380	HONG KONG	442	10	5	18	15	3	1
1381	HONG KONG	442	10	12	33	22	3	1
1382	HONG KONG	442	10	1	226	11	3	2
1383	HONG KONG	442	10	8	242	18	3	2
1384	KAOHSIUNG	444	13	4	19	17	3	1
1385	KAOHSIUNG	444	13	11	34	24	3	1
1386	KAOHSIUNG	444	13	0	227	13	3	2
1387	KAOHSIUNG	444	13	7	243	20	3	2
1388	SHANGHAI	445	15	5	21	20	3	1
1389	SHANGHAI	445	15	12	36	27	3	1
1390	SHANGHAI	445	15	2	229	17	3	2
1391	SHANGHAI	445	15	9	245	24	3	2
1392	NINGBO	446	16	3	20	19	3	1
1393	NINGBO	446	16	10	35	26	3	1
1394	NINGBO	446	16	6	244	22	3	2
1395	NINGBO	446	16	13	260	29	3	2
1396	MANZANILLO(MX)	447	39	3	9	42	3	1
1397	MANZANILLO(MX)	447	39	10	24	49	3	1
1398	MANZANILLO(MX)	447	39	2	231	41	3	2
1399	MANZANILLO(MX)	447	39	9	247	48	3	2
1400	BALBOA	448	46	1	10	47	3	1
1401	BALBOA	448	46	8	25	54	3	1
1402	BUENAVENTURA	449	49	1	233	50	3	2
1403	BUENAVENTURA	449	49	8	249	57	3	2
1404	CALLAO	450	54	2	234	56	3	2
1405	CALLAO	450	54	9	250	63	3	2
1406	HONG KONG	452	87	5	182	92	3	1
1407	HONG KONG	452	87	12	196	99	3	1
1408	HONG KONG	452	87	1	401	88	3	2
1409	HONG KONG	452	87	8	416	95	3	2
1410	HONG KONG	453	17	5	33	22	3	1
1411	HONG KONG	453	17	12	48	29	3	1
1412	HONG KONG	453	17	1	242	18	3	2
1413	HONG KONG	453	17	8	258	25	3	2
1414	KAOHSIUNG	455	20	4	34	24	3	1
1415	KAOHSIUNG	455	20	11	49	31	3	1
1416	KAOHSIUNG	455	20	0	243	20	3	2
1417	KAOHSIUNG	455	20	7	259	27	3	2
1418	SHANGHAI	456	22	5	36	27	3	1
1419	SHANGHAI	456	22	12	51	34	3	1
1420	SHANGHAI	456	22	2	245	24	3	2
1421	SHANGHAI	456	22	9	261	31	3	2
1422	NINGBO	457	23	3	35	26	3	1
1423	NINGBO	457	23	10	50	33	3	1
1424	NINGBO	457	23	6	260	29	3	2
1425	NINGBO	457	23	13	276	36	3	2
1426	MANZANILLO(MX)	458	46	3	24	49	3	1
1427	MANZANILLO(MX)	458	46	10	39	56	3	1
1428	MANZANILLO(MX)	458	46	2	247	48	3	2
1429	MANZANILLO(MX)	458	46	9	263	55	3	2
1430	BALBOA	459	53	1	25	54	3	1
1431	BALBOA	459	53	8	40	61	3	1
1432	BUENAVENTURA	460	56	1	249	57	3	2
1433	BUENAVENTURA	460	56	8	265	64	3	2
1434	CALLAO	461	61	2	250	63	3	2
1435	CALLAO	461	61	9	266	70	3	2
1436	HONG KONG	463	94	5	196	99	3	1
1437	HONG KONG	463	94	1	416	95	3	2
1438	HONG KONG	464	24	5	48	29	3	1
1439	HONG KONG	464	24	12	63	36	3	1
1440	HONG KONG	464	24	1	258	25	3	2
1441	HONG KONG	464	24	8	274	32	3	2
1442	KAOHSIUNG	466	27	4	49	31	3	1
1443	KAOHSIUNG	466	27	11	64	38	3	1
1444	KAOHSIUNG	466	27	0	259	27	3	2
1445	KAOHSIUNG	466	27	7	275	34	3	2
1446	SHANGHAI	467	29	5	51	34	3	1
1447	SHANGHAI	467	29	12	66	41	3	1
1448	SHANGHAI	467	29	2	261	31	3	2
1449	SHANGHAI	467	29	9	277	38	3	2
1450	NINGBO	468	30	3	50	33	3	1
1451	NINGBO	468	30	10	65	40	3	1
1452	NINGBO	468	30	6	276	36	3	2
1453	NINGBO	468	30	13	292	43	3	2
1454	MANZANILLO(MX)	469	53	3	39	56	3	1
1455	MANZANILLO(MX)	469	53	10	54	63	3	1
1456	MANZANILLO(MX)	469	53	11	221	64	3	2
1457	MANZANILLO(MX)	469	53	2	263	55	3	2
1458	MANZANILLO(MX)	469	53	9	279	62	3	2
1459	BALBOA	470	60	1	40	61	3	1
1460	BALBOA	470	60	8	55	68	3	1
1461	BUENAVENTURA	471	63	1	265	64	3	2
1462	BUENAVENTURA	471	63	8	281	71	3	2
1463	CALLAO	472	68	2	266	70	3	2
1464	CALLAO	472	68	9	282	77	3	2
1465	HONG KONG	475	31	5	63	36	3	1
1466	HONG KONG	475	31	12	78	43	3	1
1467	HONG KONG	475	31	1	274	32	3	2
1468	HONG KONG	475	31	8	290	39	3	2
1469	KAOHSIUNG	477	34	4	64	38	3	1
1470	KAOHSIUNG	477	34	11	79	45	3	1
1471	KAOHSIUNG	477	34	0	275	34	3	2
1472	KAOHSIUNG	477	34	7	291	41	3	2
1473	SHANGHAI	478	36	5	66	41	3	1
1474	SHANGHAI	478	36	12	81	48	3	1
1475	SHANGHAI	478	36	2	277	38	3	2
1476	SHANGHAI	478	36	9	293	45	3	2
1477	NINGBO	479	37	3	65	40	3	1
1478	NINGBO	479	37	10	80	47	3	1
1479	NINGBO	479	37	6	292	43	3	2
1480	NINGBO	479	37	13	308	50	3	2
1481	MANZANILLO(MX)	480	60	3	54	63	3	1
1482	MANZANILLO(MX)	480	60	10	69	70	3	1
1483	MANZANILLO(MX)	480	60	4	221	64	3	2
1484	MANZANILLO(MX)	480	60	11	237	71	3	2
1485	MANZANILLO(MX)	480	60	2	279	62	3	2
1486	MANZANILLO(MX)	480	60	9	295	69	3	2
1487	BALBOA	481	67	1	55	68	3	1
1488	BALBOA	481	67	8	70	75	3	1
1489	BUENAVENTURA	482	70	1	281	71	3	2
1490	BUENAVENTURA	482	70	8	297	78	3	2
1491	CALLAO	483	75	2	282	77	3	2
1492	CALLAO	483	75	9	298	84	3	2
1493	HONG KONG	486	38	5	78	43	3	1
1494	HONG KONG	486	38	12	93	50	3	1
1495	HONG KONG	486	38	1	290	39	3	2
1496	HONG KONG	486	38	8	306	46	3	2
1497	KAOHSIUNG	488	41	4	79	45	3	1
1498	KAOHSIUNG	488	41	11	94	52	3	1
1499	KAOHSIUNG	488	41	0	291	41	3	2
1500	KAOHSIUNG	488	41	7	307	48	3	2
1501	SHANGHAI	489	43	5	81	48	3	1
1502	SHANGHAI	489	43	12	96	55	3	1
1503	SHANGHAI	489	43	2	293	45	3	2
1504	SHANGHAI	489	43	9	309	52	3	2
1505	NINGBO	490	44	3	80	47	3	1
1506	NINGBO	490	44	10	95	54	3	1
1507	NINGBO	490	44	6	308	50	3	2
1508	NINGBO	490	44	13	324	57	3	2
1509	MANZANILLO(MX)	491	67	3	69	70	3	1
1510	MANZANILLO(MX)	491	67	10	84	77	3	1
1511	MANZANILLO(MX)	491	67	4	237	71	3	2
1512	MANZANILLO(MX)	491	67	11	253	78	3	2
1513	MANZANILLO(MX)	491	67	2	295	69	3	2
1514	MANZANILLO(MX)	491	67	9	311	76	3	2
1515	BALBOA	492	74	1	70	75	3	1
1516	BALBOA	492	74	8	85	82	3	1
1517	BUENAVENTURA	493	77	1	297	78	3	2
1518	BUENAVENTURA	493	77	8	313	85	3	2
1519	CALLAO	494	82	2	298	84	3	2
1520	CALLAO	494	82	9	314	91	3	2
1521	HONG KONG	497	45	5	93	50	3	1
1522	HONG KONG	497	45	12	108	57	3	1
1523	HONG KONG	497	45	1	306	46	3	2
1524	HONG KONG	497	45	8	322	53	3	2
1525	KAOHSIUNG	499	48	4	94	52	3	1
1526	KAOHSIUNG	499	48	11	109	59	3	1
1527	KAOHSIUNG	499	48	0	307	48	3	2
1528	KAOHSIUNG	499	48	7	323	55	3	2
1529	SHANGHAI	500	50	5	96	55	3	1
1530	SHANGHAI	500	50	12	111	62	3	1
1531	SHANGHAI	500	50	2	309	52	3	2
1532	SHANGHAI	500	50	9	325	59	3	2
1533	NINGBO	501	51	3	95	54	3	1
1534	NINGBO	501	51	10	110	61	3	1
1535	NINGBO	501	51	6	324	57	3	2
1536	NINGBO	501	51	13	340	64	3	2
1537	MANZANILLO(MX)	502	74	3	84	77	3	1
1538	MANZANILLO(MX)	502	74	10	99	84	3	1
1539	MANZANILLO(MX)	502	74	4	253	78	3	2
1540	MANZANILLO(MX)	502	74	11	269	85	3	2
1541	MANZANILLO(MX)	502	74	2	311	76	3	2
1542	MANZANILLO(MX)	502	74	9	327	83	3	2
1543	BALBOA	503	81	1	85	82	3	1
1544	BALBOA	503	81	8	100	89	3	1
1545	BUENAVENTURA	504	84	1	313	85	3	2
1546	BUENAVENTURA	504	84	8	329	92	3	2
1547	CALLAO	505	89	2	314	91	3	2
1548	CALLAO	505	89	9	330	98	3	2
1549	HONG KONG	508	52	5	108	57	3	1
1550	HONG KONG	508	52	12	123	64	3	1
1551	HONG KONG	508	52	1	322	53	3	2
1552	HONG KONG	508	52	8	338	60	3	2
1553	KAOHSIUNG	510	55	4	109	59	3	1
1554	KAOHSIUNG	510	55	11	124	66	3	1
1555	KAOHSIUNG	510	55	0	323	55	3	2
1556	KAOHSIUNG	510	55	7	339	62	3	2
1557	SHANGHAI	511	57	5	111	62	3	1
1558	SHANGHAI	511	57	12	126	69	3	1
1559	SHANGHAI	511	57	2	325	59	3	2
1560	SHANGHAI	511	57	9	341	66	3	2
1561	NINGBO	512	58	3	110	61	3	1
1562	NINGBO	512	58	10	125	68	3	1
1563	NINGBO	512	58	6	340	64	3	2
1564	NINGBO	512	58	13	356	71	3	2
1565	MANZANILLO(MX)	513	81	3	99	84	3	1
1566	MANZANILLO(MX)	513	81	10	114	91	3	1
1567	MANZANILLO(MX)	513	81	4	269	85	3	2
1568	MANZANILLO(MX)	513	81	11	285	92	3	2
1569	MANZANILLO(MX)	513	81	2	327	83	3	2
1570	MANZANILLO(MX)	513	81	9	343	90	3	2
1571	BALBOA	514	88	1	100	89	3	1
1572	BALBOA	514	88	8	115	96	3	1
1573	BUENAVENTURA	515	91	1	329	92	3	2
1574	BUENAVENTURA	515	91	8	345	99	3	2
1575	CALLAO	516	96	2	330	98	3	2
1576	CALLAO	516	96	9	346	105	3	2
1577	HONG KONG	519	59	5	123	64	3	1
1578	HONG KONG	519	59	12	138	71	3	1
1579	HONG KONG	519	59	1	338	60	3	2
1580	HONG KONG	519	59	8	354	67	3	2
1581	KAOHSIUNG	521	62	4	124	66	3	1
1582	KAOHSIUNG	521	62	11	139	73	3	1
1583	KAOHSIUNG	521	62	0	339	62	3	2
1584	KAOHSIUNG	521	62	7	355	69	3	2
1585	SHANGHAI	522	64	5	126	69	3	1
1586	SHANGHAI	522	64	12	141	76	3	1
1587	SHANGHAI	522	64	2	341	66	3	2
1588	SHANGHAI	522	64	9	357	73	3	2
1589	NINGBO	523	65	3	125	68	3	1
1590	NINGBO	523	65	10	140	75	3	1
1591	NINGBO	523	65	6	356	71	3	2
1592	NINGBO	523	65	13	372	78	3	2
1593	MANZANILLO(MX)	524	88	3	114	91	3	1
1594	MANZANILLO(MX)	524	88	10	129	98	3	1
1595	MANZANILLO(MX)	524	88	4	285	92	3	2
1596	MANZANILLO(MX)	524	88	11	301	99	3	2
1597	MANZANILLO(MX)	524	88	2	343	90	3	2
1598	MANZANILLO(MX)	524	88	9	359	97	3	2
1599	BALBOA	525	95	1	115	96	3	1
1600	BALBOA	525	95	8	130	103	3	1
1601	BUENAVENTURA	526	98	1	345	99	3	2
1602	BUENAVENTURA	526	98	8	361	106	3	2
1603	CALLAO	527	103	2	346	105	3	2
1604	CALLAO	527	103	9	362	112	3	2
1605	HONG KONG	530	66	5	138	71	3	1
1606	HONG KONG	530	66	12	153	78	3	1
1607	HONG KONG	530	66	1	354	67	3	2
1608	HONG KONG	530	66	8	370	74	3	2
1609	KAOHSIUNG	532	69	4	139	73	3	1
1610	KAOHSIUNG	532	69	11	154	80	3	1
1611	KAOHSIUNG	532	69	0	355	69	3	2
1612	KAOHSIUNG	532	69	7	371	76	3	2
1613	SHANGHAI	533	71	5	141	76	3	1
1614	SHANGHAI	533	71	12	156	83	3	1
1615	SHANGHAI	533	71	2	357	73	3	2
1616	SHANGHAI	533	71	9	373	80	3	2
1617	NINGBO	534	72	3	140	75	3	1
1618	NINGBO	534	72	10	155	82	3	1
1619	NINGBO	534	72	6	372	78	3	2
1620	NINGBO	534	72	13	388	85	3	2
1621	MANZANILLO(MX)	535	95	3	129	98	3	1
1622	MANZANILLO(MX)	535	95	10	144	105	3	1
1623	MANZANILLO(MX)	535	95	4	301	99	3	2
1624	MANZANILLO(MX)	535	95	11	317	106	3	2
1625	MANZANILLO(MX)	535	95	2	359	97	3	2
1626	MANZANILLO(MX)	535	95	9	375	104	3	2
1627	BALBOA	536	102	1	130	103	3	1
1628	BALBOA	536	102	8	145	110	3	1
1629	BUENAVENTURA	537	105	1	361	106	3	2
1630	BUENAVENTURA	537	105	8	377	113	3	2
1631	CALLAO	538	110	2	362	112	3	2
1632	CALLAO	538	110	9	378	119	3	2
1633	HONG KONG	541	73	5	153	78	3	1
1634	HONG KONG	541	73	12	168	85	3	1
1635	HONG KONG	541	73	1	370	74	3	2
1636	HONG KONG	541	73	8	386	81	3	2
1637	KAOHSIUNG	543	76	4	154	80	3	1
1638	KAOHSIUNG	543	76	11	169	87	3	1
1639	KAOHSIUNG	543	76	0	371	76	3	2
1640	KAOHSIUNG	543	76	7	387	83	3	2
1641	SHANGHAI	544	78	5	156	83	3	1
1642	SHANGHAI	544	78	12	171	90	3	1
1643	SHANGHAI	544	78	2	373	80	3	2
1644	SHANGHAI	544	78	9	389	87	3	2
1645	NINGBO	545	79	3	155	82	3	1
1646	NINGBO	545	79	10	170	89	3	1
1647	NINGBO	545	79	6	388	85	3	2
1648	NINGBO	545	79	13	403	92	3	2
1649	MANZANILLO(MX)	546	102	3	144	105	3	1
1650	MANZANILLO(MX)	546	102	10	159	112	3	1
1651	MANZANILLO(MX)	546	102	4	317	106	3	2
1652	MANZANILLO(MX)	546	102	11	333	113	3	2
1653	MANZANILLO(MX)	546	102	2	375	104	3	2
1654	MANZANILLO(MX)	546	102	9	391	111	3	2
1655	BALBOA	547	109	1	145	110	3	1
1656	BALBOA	547	109	8	160	117	3	1
1657	BUENAVENTURA	548	112	1	377	113	3	2
1658	BUENAVENTURA	548	112	8	393	120	3	2
1659	CALLAO	549	117	2	378	119	3	2
1660	CALLAO	549	117	9	394	126	3	2
1661	KAOHSIUNG	553	83	4	169	87	3	1
1662	KAOHSIUNG	553	83	11	183	94	3	1
1663	KAOHSIUNG	553	83	0	387	83	3	2
1664	KAOHSIUNG	553	83	7	402	90	3	2
1665	SHANGHAI	554	85	5	171	90	3	1
1666	SHANGHAI	554	85	12	185	97	3	1
1667	SHANGHAI	554	85	2	389	87	3	2
1668	SHANGHAI	554	85	9	404	94	3	2
1669	NINGBO	555	86	3	170	89	3	1
1670	NINGBO	555	86	10	184	96	3	1
1671	NINGBO	555	86	6	403	92	3	2
1672	NINGBO	555	86	13	418	99	3	2
1673	MANZANILLO(MX)	556	109	3	159	112	3	1
1674	MANZANILLO(MX)	556	109	10	174	119	3	1
1675	MANZANILLO(MX)	556	109	4	333	113	3	2
1676	MANZANILLO(MX)	556	109	11	349	120	3	2
1677	MANZANILLO(MX)	556	109	2	391	111	3	2
1678	MANZANILLO(MX)	556	109	9	406	118	3	2
1679	BALBOA	557	116	1	160	117	3	1
1680	BALBOA	557	116	8	175	124	3	1
1681	BUENAVENTURA	558	119	1	393	120	3	2
1682	BUENAVENTURA	558	119	8	408	127	3	2
1683	CALLAO	559	124	2	394	126	3	2
1684	CALLAO	559	124	9	409	133	3	2
1685	KAOHSIUNG	563	90	4	183	94	3	1
1686	KAOHSIUNG	563	90	11	197	101	3	1
1687	KAOHSIUNG	563	90	0	402	90	3	2
1688	KAOHSIUNG	563	90	7	417	97	3	2
1689	SHANGHAI	564	92	5	185	97	3	1
1690	SHANGHAI	564	92	12	199	104	3	1
1691	SHANGHAI	564	92	2	404	94	3	2
1692	SHANGHAI	564	92	9	419	101	3	2
1693	NINGBO	565	93	3	184	96	3	1
1694	NINGBO	565	93	10	198	103	3	1
1695	NINGBO	565	93	6	418	99	3	2
1696	MANZANILLO(MX)	566	116	3	174	119	3	1
1697	MANZANILLO(MX)	566	116	10	188	126	3	1
1698	MANZANILLO(MX)	566	116	4	349	120	3	2
1699	MANZANILLO(MX)	566	116	11	365	127	3	2
1700	MANZANILLO(MX)	566	116	2	406	118	3	2
1701	MANZANILLO(MX)	566	116	9	421	125	3	2
1702	BALBOA	567	123	1	175	124	3	1
1703	BALBOA	567	123	8	189	131	3	1
1704	BUENAVENTURA	568	126	1	408	127	3	2
1705	BUENAVENTURA	568	126	8	423	134	3	2
1706	CALLAO	569	131	2	409	133	3	2
1707	CALLAO	569	131	9	424	140	3	2
1708	KAOHSIUNG	573	97	4	197	101	3	1
1709	KAOHSIUNG	573	97	0	417	97	3	2
1710	SHANGHAI	574	99	5	199	104	3	1
1711	SHANGHAI	574	99	2	419	101	3	2
1712	NINGBO	575	100	3	198	103	3	1
1713	MANZANILLO(MX)	576	123	3	188	126	3	1
1714	MANZANILLO(MX)	576	123	10	202	133	3	1
1715	MANZANILLO(MX)	576	123	4	365	127	3	2
1716	MANZANILLO(MX)	576	123	11	381	134	3	2
1717	MANZANILLO(MX)	576	123	2	421	125	3	2
1718	BALBOA	577	130	1	189	131	3	1
1719	BALBOA	577	130	8	203	138	3	1
1720	BUENAVENTURA	578	133	1	423	134	3	2
1721	CALLAO	579	138	2	424	140	3	2
1722	MANZANILLO(MX)	586	130	3	202	133	3	1
1723	MANZANILLO(MX)	586	130	4	381	134	3	2
1724	MANZANILLO(MX)	586	130	11	397	141	3	2
1725	BALBOA	587	137	1	203	138	3	1
