TravelingArc_ID	Route	Origin_node_ID	Origin_Call	Origin_Port	Round_Trip	OriginTime	TravelingTime	Destination_node_ID	Destination_Call	Destination_Port	DestinationTime
1	1	1	1	A	1	2	1	2	2	B	3
2	1	2	2	B	1	3	1	3	3	C	4
3	1	3	3	C	1	4	6	4	4	D	10
4	1	4	4	D	1	10	2	5	5	E	12
5	1	5	5	E	1	12	2	6	6	F	14
6	1	6	6	F	1	14	3	7	7	G	17
7	1	7	7	G	1	17	6	8	8	A	23
8	1	8	8	A	1	23	1	25	2	B	24
9	1	9	1	A	2	9	1	10	2	B	10
10	1	10	2	B	2	10	1	11	3	C	11
11	1	11	3	C	2	11	6	12	4	D	17
12	1	12	4	D	2	17	2	13	5	E	19
13	1	13	5	E	2	19	2	14	6	F	21
14	1	14	6	F	2	21	3	15	7	G	24
15	1	15	7	G	2	24	6	16	8	A	30
16	1	16	8	A	2	30	1	32	2	B	31
17	1	17	1	A	3	16	1	18	2	B	17
18	1	18	2	B	3	17	1	19	3	C	18
19	1	19	3	C	3	18	6	20	4	D	24
20	1	20	4	D	3	24	2	21	5	E	26
21	1	21	5	E	3	26	2	22	6	F	28
22	1	22	6	F	3	28	3	23	7	G	31
23	1	23	7	G	3	31	6	24	8	A	37
24	1	24	8	A	3	37	1	39	2	B	38
25	1	25	2	B	4	24	1	26	3	C	25
26	1	26	3	C	4	25	6	27	4	D	31
27	1	27	4	D	4	31	2	28	5	E	33
28	1	28	5	E	4	33	2	29	6	F	35
29	1	29	6	F	4	35	3	30	7	G	38
30	1	30	7	G	4	38	6	31	8	A	44
31	1	31	8	A	4	44	1	46	2	B	45
32	1	32	2	B	5	31	1	33	3	C	32
33	1	33	3	C	5	32	6	34	4	D	38
34	1	34	4	D	5	38	2	35	5	E	40
35	1	35	5	E	5	40	2	36	6	F	42
36	1	36	6	F	5	42	3	37	7	G	45
37	1	37	7	G	5	45	6	38	8	A	51
38	1	38	8	A	5	51	1	53	2	B	52
39	1	39	2	B	6	38	1	40	3	C	39
40	1	40	3	C	6	39	6	41	4	D	45
41	1	41	4	D	6	45	2	42	5	E	47
42	1	42	5	E	6	47	2	43	6	F	49
43	1	43	6	F	6	49	3	44	7	G	52
44	1	44	7	G	6	52	6	45	8	A	58
45	1	45	8	A	6	58	1	60	2	B	59
46	1	46	2	B	7	45	1	47	3	C	46
47	1	47	3	C	7	46	6	48	4	D	52
48	1	48	4	D	7	52	2	49	5	E	54
49	1	49	5	E	7	54	2	50	6	F	56
50	1	50	6	F	7	56	3	51	7	G	59
51	1	51	7	G	7	59	6	52	8	A	65
52	1	52	8	A	7	65	1	67	2	B	66
53	1	53	2	B	8	52	1	54	3	C	53
54	1	54	3	C	8	53	6	55	4	D	59
55	1	55	4	D	8	59	2	56	5	E	61
56	1	56	5	E	8	61	2	57	6	F	63
57	1	57	6	F	8	63	3	58	7	G	66
58	1	58	7	G	8	66	6	59	8	A	72
59	1	59	8	A	8	72	1	74	2	B	73
60	1	60	2	B	9	59	1	61	3	C	60
61	1	61	3	C	9	60	6	62	4	D	66
62	1	62	4	D	9	66	2	63	5	E	68
63	1	63	5	E	9	68	2	64	6	F	70
64	1	64	6	F	9	70	3	65	7	G	73
65	1	65	7	G	9	73	6	66	8	A	79
66	1	66	8	A	9	79	1	81	2	B	80
67	1	67	2	B	10	66	1	68	3	C	67
68	1	68	3	C	10	67	6	69	4	D	73
69	1	69	4	D	10	73	2	70	5	E	75
70	1	70	5	E	10	75	2	71	6	F	77
71	1	71	6	F	10	77	3	72	7	G	80
72	1	72	7	G	10	80	6	73	8	A	86
73	1	73	8	A	10	86	1	88	2	B	87
74	1	74	2	B	11	73	1	75	3	C	74
75	1	75	3	C	11	74	6	76	4	D	80
76	1	76	4	D	11	80	2	77	5	E	82
77	1	77	5	E	11	82	2	78	6	F	84
78	1	78	6	F	11	84	3	79	7	G	87
79	1	79	7	G	11	87	6	80	8	A	93
80	1	80	8	A	11	93	1	95	2	B	94
81	1	81	2	B	12	80	1	82	3	C	81
82	1	82	3	C	12	81	6	83	4	D	87
83	1	83	4	D	12	87	2	84	5	E	89
84	1	84	5	E	12	89	2	85	6	F	91
85	1	85	6	F	12	91	3	86	7	G	94
86	1	86	7	G	12	94	6	87	8	A	100
87	1	87	8	A	12	100	1	102	2	B	101
88	1	88	2	B	13	87	1	89	3	C	88
89	1	89	3	C	13	88	6	90	4	D	94
90	1	90	4	D	13	94	2	91	5	E	96
91	1	91	5	E	13	96	2	92	6	F	98
92	1	92	6	F	13	98	3	93	7	G	101
93	1	93	7	G	13	101	6	94	8	A	107
94	1	94	8	A	13	107	1	109	2	B	108
95	1	95	2	B	14	94	1	96	3	C	95
96	1	96	3	C	14	95	6	97	4	D	101
97	1	97	4	D	14	101	2	98	5	E	103
98	1	98	5	E	14	103	2	99	6	F	105
99	1	99	6	F	14	105	3	100	7	G	108
100	1	100	7	G	14	108	6	101	8	A	114
101	1	101	8	A	14	114	1	116	2	B	115
102	1	102	2	B	15	101	1	103	3	C	102
103	1	103	3	C	15	102	6	104	4	D	108
104	1	104	4	D	15	108	2	105	5	E	110
105	1	105	5	E	15	110	2	106	6	F	112
106	1	106	6	F	15	112	3	107	7	G	115
107	1	107	7	G	15	115	6	108	8	A	121
108	1	108	8	A	15	121	1	123	2	B	122
109	1	109	2	B	16	108	1	110	3	C	109
110	1	110	3	C	16	109	6	111	4	D	115
111	1	111	4	D	16	115	2	112	5	E	117
112	1	112	5	E	16	117	2	113	6	F	119
113	1	113	6	F	16	119	3	114	7	G	122
114	1	114	7	G	16	122	6	115	8	A	128
115	1	115	8	A	16	128	1	130	2	B	129
116	1	116	2	B	17	115	1	117	3	C	116
117	1	117	3	C	17	116	6	118	4	D	122
118	1	118	4	D	17	122	2	119	5	E	124
119	1	119	5	E	17	124	2	120	6	F	126
120	1	120	6	F	17	126	3	121	7	G	129
121	1	121	7	G	17	129	6	122	8	A	135
122	1	122	8	A	17	135	1	137	2	B	136
123	1	123	2	B	18	122	1	124	3	C	123
124	1	124	3	C	18	123	6	125	4	D	129
125	1	125	4	D	18	129	2	126	5	E	131
126	1	126	5	E	18	131	2	127	6	F	133
127	1	127	6	F	18	133	3	128	7	G	136
128	1	128	7	G	18	136	6	129	8	A	142
129	1	129	8	A	18	142	1	144	2	B	143
130	1	130	2	B	19	129	1	131	3	C	130
131	1	131	3	C	19	130	6	132	4	D	136
132	1	132	4	D	19	136	2	133	5	E	138
133	1	133	5	E	19	138	2	134	6	F	140
134	1	134	6	F	19	140	3	135	7	G	143
135	1	135	7	G	19	143	6	136	8	A	149
136	1	136	8	A	19	149	1	151	2	B	150
137	1	137	2	B	20	136	1	138	3	C	137
138	1	138	3	C	20	137	6	139	4	D	143
139	1	139	4	D	20	143	2	140	5	E	145
140	1	140	5	E	20	145	2	141	6	F	147
141	1	141	6	F	20	147	3	142	7	G	150
142	1	142	7	G	20	150	6	143	8	A	156
143	1	143	8	A	20	156	1	158	2	B	157
144	1	144	2	B	21	143	1	145	3	C	144
145	1	145	3	C	21	144	6	146	4	D	150
146	1	146	4	D	21	150	2	147	5	E	152
147	1	147	5	E	21	152	2	148	6	F	154
148	1	148	6	F	21	154	3	149	7	G	157
149	1	149	7	G	21	157	6	150	8	A	163
150	1	151	2	B	22	150	1	152	3	C	151
151	1	152	3	C	22	151	6	153	4	D	157
152	1	153	4	D	22	157	2	154	5	E	159
153	1	154	5	E	22	159	2	155	6	F	161
154	1	155	6	F	22	161	3	156	7	G	164
155	1	156	7	G	22	164	6	157	8	A	170
156	1	158	2	B	23	157	1	159	3	C	158
157	1	159	3	C	23	158	6	160	4	D	164
158	1	160	4	D	23	164	2	161	5	E	166
159	1	161	5	E	23	166	2	162	6	F	168
160	1	162	6	F	23	168	3	163	7	G	171
161	1	163	7	G	23	171	6	164	8	A	177
162	2	165	1	H	1	4	1	166	2	D	5
163	2	166	2	D	1	5	1	167	3	F	6
164	2	167	3	F	1	6	10	168	4	I	16
165	2	168	4	I	1	16	6	169	5	J	22
166	2	169	5	J	1	22	10	170	6	H	32
167	2	170	6	H	1	32	1	189	2	D	33
168	2	171	1	H	2	11	1	172	2	D	12
169	2	172	2	D	2	12	1	173	3	F	13
170	2	173	3	F	2	13	10	174	4	I	23
171	2	174	4	I	2	23	6	175	5	J	29
172	2	175	5	J	2	29	10	176	6	H	39
173	2	176	6	H	2	39	1	194	2	D	40
174	2	177	1	H	3	18	1	178	2	D	19
175	2	178	2	D	3	19	1	179	3	F	20
176	2	179	3	F	3	20	10	180	4	I	30
177	2	180	4	I	3	30	6	181	5	J	36
178	2	181	5	J	3	36	10	182	6	H	46
179	2	182	6	H	3	46	1	199	2	D	47
180	2	183	1	H	4	25	1	184	2	D	26
181	2	184	2	D	4	26	1	185	3	F	27
182	2	185	3	F	4	27	10	186	4	I	37
183	2	186	4	I	4	37	6	187	5	J	43
184	2	187	5	J	4	43	10	188	6	H	53
185	2	188	6	H	4	53	1	204	2	D	54
186	2	189	2	D	5	33	1	190	3	F	34
187	2	190	3	F	5	34	10	191	4	I	44
188	2	191	4	I	5	44	6	192	5	J	50
189	2	192	5	J	5	50	10	193	6	H	60
190	2	193	6	H	5	60	1	209	2	D	61
191	2	194	2	D	6	40	1	195	3	F	41
192	2	195	3	F	6	41	10	196	4	I	51
193	2	196	4	I	6	51	6	197	5	J	57
194	2	197	5	J	6	57	10	198	6	H	67
195	2	198	6	H	6	67	1	214	2	D	68
196	2	199	2	D	7	47	1	200	3	F	48
197	2	200	3	F	7	48	10	201	4	I	58
198	2	201	4	I	7	58	6	202	5	J	64
199	2	202	5	J	7	64	10	203	6	H	74
200	2	203	6	H	7	74	1	219	2	D	75
201	2	204	2	D	8	54	1	205	3	F	55
202	2	205	3	F	8	55	10	206	4	I	65
203	2	206	4	I	8	65	6	207	5	J	71
204	2	207	5	J	8	71	10	208	6	H	81
205	2	208	6	H	8	81	1	224	2	D	82
206	2	209	2	D	9	61	1	210	3	F	62
207	2	210	3	F	9	62	10	211	4	I	72
208	2	211	4	I	9	72	6	212	5	J	78
209	2	212	5	J	9	78	10	213	6	H	88
210	2	213	6	H	9	88	1	229	2	D	89
211	2	214	2	D	10	68	1	215	3	F	69
212	2	215	3	F	10	69	10	216	4	I	79
213	2	216	4	I	10	79	6	217	5	J	85
214	2	217	5	J	10	85	10	218	6	H	95
215	2	218	6	H	10	95	1	234	2	D	96
216	2	219	2	D	11	75	1	220	3	F	76
217	2	220	3	F	11	76	10	221	4	I	86
218	2	221	4	I	11	86	6	222	5	J	92
219	2	222	5	J	11	92	10	223	6	H	102
220	2	223	6	H	11	102	1	239	2	D	103
221	2	224	2	D	12	82	1	225	3	F	83
222	2	225	3	F	12	83	10	226	4	I	93
223	2	226	4	I	12	93	6	227	5	J	99
224	2	227	5	J	12	99	10	228	6	H	109
225	2	228	6	H	12	109	1	244	2	D	110
226	2	229	2	D	13	89	1	230	3	F	90
227	2	230	3	F	13	90	10	231	4	I	100
228	2	231	4	I	13	100	6	232	5	J	106
229	2	232	5	J	13	106	10	233	6	H	116
230	2	233	6	H	13	116	1	249	2	D	117
231	2	234	2	D	14	96	1	235	3	F	97
232	2	235	3	F	14	97	10	236	4	I	107
233	2	236	4	I	14	107	6	237	5	J	113
234	2	237	5	J	14	113	10	238	6	H	123
235	2	238	6	H	14	123	1	254	2	D	124
236	2	239	2	D	15	103	1	240	3	F	104
237	2	240	3	F	15	104	10	241	4	I	114
238	2	241	4	I	15	114	6	242	5	J	120
239	2	242	5	J	15	120	10	243	6	H	130
240	2	243	6	H	15	130	1	259	2	D	131
241	2	244	2	D	16	110	1	245	3	F	111
242	2	245	3	F	16	111	10	246	4	I	121
243	2	246	4	I	16	121	6	247	5	J	127
244	2	247	5	J	16	127	10	248	6	H	137
245	2	248	6	H	16	137	1	264	2	D	138
246	2	249	2	D	17	117	1	250	3	F	118
247	2	250	3	F	17	118	10	251	4	I	128
248	2	251	4	I	17	128	6	252	5	J	134
249	2	252	5	J	17	134	10	253	6	H	144
250	2	253	6	H	17	144	1	269	2	D	145
251	2	254	2	D	18	124	1	255	3	F	125
252	2	255	3	F	18	125	10	256	4	I	135
253	2	256	4	I	18	135	6	257	5	J	141
254	2	257	5	J	18	141	10	258	6	H	151
255	2	258	6	H	18	151	1	274	2	D	152
256	2	259	2	D	19	131	1	260	3	F	132
257	2	260	3	F	19	132	10	261	4	I	142
258	2	261	4	I	19	142	6	262	5	J	148
259	2	262	5	J	19	148	10	263	6	H	158
260	2	264	2	D	20	138	1	265	3	F	139
261	2	265	3	F	20	139	10	266	4	I	149
262	2	266	4	I	20	149	6	267	5	J	155
263	2	267	5	J	20	155	10	268	6	H	165
264	2	269	2	D	21	145	1	270	3	F	146
265	2	270	3	F	21	146	10	271	4	I	156
266	2	271	4	I	21	156	6	272	5	J	162
267	2	272	5	J	21	162	10	273	6	H	172
268	2	274	2	D	22	152	1	275	3	F	153
269	2	275	3	F	22	153	10	276	4	I	163
270	2	276	4	I	22	163	6	277	5	J	169
271	2	277	5	J	22	169	10	278	6	H	179
