VesselPathID	VesselRouteID	NumOfArcs	ArcIDs	originTime	destinationTime
1	1	5	1,2,3,4,5	3	24
2	1	5	7,8,9,10,11	10	31
3	1	5	13,14,15,16,17	17	38
4	1	5	6,19,20,21,22	24	45
5	1	5	12,24,25,26,27	31	52
6	1	5	18,29,30,31,32	38	59
7	1	5	23,34,35,36,37	45	66
8	1	5	28,39,40,41,42	52	73
9	1	5	33,44,45,46,47	59	80
10	1	5	38,49,50,51,52	66	87
11	1	5	43,54,55,56,57	73	94
12	1	5	48,59,60,61,62	80	101
13	1	5	53,64,65,66,67	87	108
14	1	5	58,69,70,71,72	94	115
15	1	5	63,74,75,76,77	101	122
16	1	5	68,79,80,81,82	108	129
17	1	5	73,84,85,86,87	115	136
18	1	5	78,89,90,91,92	122	143
19	1	5	83,94,95,96,97	129	150
20	1	5	88,99,100,101,102	136	157
21	1	5	93,104,105,106,107	143	164
22	1	5	98,108,109,110,111	150	171
23	1	5	103,112,113,114,115	157	178
24	2	2	116,117	3	10
25	2	2	118,119	10	17
26	2	2	120,121	17	24
27	2	2	122,123	24	31
28	2	2	124,125	31	38
29	2	2	126,127	38	45
30	2	2	128,129	45	52
31	2	2	130,131	52	59
32	2	2	132,133	59	66
33	2	2	134,135	66	73
34	2	2	136,137	73	80
35	2	2	138,139	80	87
36	2	2	140,141	87	94
37	2	2	142,143	94	101
38	2	2	144,145	101	108
39	2	2	146,147	108	115
40	2	2	148,149	115	122
41	2	2	150,151	122	129
42	2	2	152,153	129	136
43	2	2	154,155	136	143
44	2	2	156,157	143	150
45	2	2	158,159	150	157
46	2	2	160,161	157	164
47	2	2	162,163	164	171
48	2	2	164,165	171	178
49	3	6	166,167,168,169,170,171	3	17
50	3	6	173,174,175,176,177,178	10	24
51	3	6	172,180,181,182,183,184	17	31
52	3	6	179,186,187,188,189,190	24	38
53	3	6	185,192,193,194,195,196	31	45
54	3	6	191,198,199,200,201,202	38	52
55	3	6	197,204,205,206,207,208	45	59
56	3	6	203,210,211,212,213,214	52	66
57	3	6	209,216,217,218,219,220	59	73
58	3	6	215,222,223,224,225,226	66	80
59	3	6	221,228,229,230,231,232	73	87
60	3	6	227,234,235,236,237,238	80	94
61	3	6	233,240,241,242,243,244	87	101
62	3	6	239,246,247,248,249,250	94	108
63	3	6	245,252,253,254,255,256	101	115
64	3	6	251,258,259,260,261,262	108	122
65	3	6	257,264,265,266,267,268	115	129
66	3	6	263,270,271,272,273,274	122	136
67	3	6	269,276,277,278,279,280	129	143
68	3	6	275,282,283,284,285,286	136	150
69	3	6	281,288,289,290,291,292	143	157
70	3	6	287,294,295,296,297,298	150	164
71	3	6	293,300,301,302,303,304	157	171
72	3	6	299,305,306,307,308,309	164	178
73	4	6	310,311,312,313,314,315	3	17
74	4	6	317,318,319,320,321,322	10	24
75	4	6	316,324,325,326,327,328	17	31
76	4	6	323,330,331,332,333,334	24	38
77	4	6	329,336,337,338,339,340	31	45
78	4	6	335,342,343,344,345,346	38	52
79	4	6	341,348,349,350,351,352	45	59
80	4	6	347,354,355,356,357,358	52	66
81	4	6	353,360,361,362,363,364	59	73
82	4	6	359,366,367,368,369,370	66	80
83	4	6	365,372,373,374,375,376	73	87
84	4	6	371,378,379,380,381,382	80	94
85	4	6	377,384,385,386,387,388	87	101
86	4	6	383,390,391,392,393,394	94	108
87	4	6	389,396,397,398,399,400	101	115
88	4	6	395,402,403,404,405,406	108	122
89	4	6	401,408,409,410,411,412	115	129
90	4	6	407,414,415,416,417,418	122	136
91	4	6	413,420,421,422,423,424	129	143
92	4	6	419,426,427,428,429,430	136	150
93	4	6	425,432,433,434,435,436	143	157
94	4	6	431,438,439,440,441,442	150	164
95	4	6	437,444,445,446,447,448	157	171
96	4	6	443,449,450,451,452,453	164	178
97	5	5	454,455,456,457,458	3	17
98	5	5	460,461,462,463,464	10	24
99	5	5	459,466,467,468,469	17	31
100	5	5	465,471,472,473,474	24	38
101	5	5	470,476,477,478,479	31	45
102	5	5	475,481,482,483,484	38	52
103	5	5	480,486,487,488,489	45	59
104	5	5	485,491,492,493,494	52	66
105	5	5	490,496,497,498,499	59	73
106	5	5	495,501,502,503,504	66	80
107	5	5	500,506,507,508,509	73	87
108	5	5	505,511,512,513,514	80	94
109	5	5	510,516,517,518,519	87	101
110	5	5	515,521,522,523,524	94	108
111	5	5	520,526,527,528,529	101	115
112	5	5	525,531,532,533,534	108	122
113	5	5	530,536,537,538,539	115	129
114	5	5	535,541,542,543,544	122	136
115	5	5	540,546,547,548,549	129	143
116	5	5	545,551,552,553,554	136	150
117	5	5	550,556,557,558,559	143	157
118	5	5	555,561,562,563,564	150	164
119	5	5	560,566,567,568,569	157	171
120	5	5	565,570,571,572,573	164	178
121	6	2	574,575	3	10
122	6	2	576,577	10	17
123	6	2	578,579	17	24
124	6	2	580,581	24	31
125	6	2	582,583	31	38
126	6	2	584,585	38	45
127	6	2	586,587	45	52
128	6	2	588,589	52	59
129	6	2	590,591	59	66
130	6	2	592,593	66	73
131	6	2	594,595	73	80
132	6	2	596,597	80	87
133	6	2	598,599	87	94
134	6	2	600,601	94	101
135	6	2	602,603	101	108
136	6	2	604,605	108	115
137	6	2	606,607	115	122
138	6	2	608,609	122	129
139	6	2	610,611	129	136
140	6	2	612,613	136	143
141	6	2	614,615	143	150
142	6	2	616,617	150	157
143	6	2	618,619	157	164
144	6	2	620,621	164	171
145	6	2	622,623	171	178
146	7	4	624,625,626,627	3	17
147	7	4	629,630,631,632	10	24
148	7	4	628,634,635,636	17	31
149	7	4	633,638,639,640	24	38
150	7	4	637,642,643,644	31	45
151	7	4	641,646,647,648	38	52
152	7	4	645,650,651,652	45	59
153	7	4	649,654,655,656	52	66
154	7	4	653,658,659,660	59	73
155	7	4	657,662,663,664	66	80
156	7	4	661,666,667,668	73	87
157	7	4	665,670,671,672	80	94
158	7	4	669,674,675,676	87	101
159	7	4	673,678,679,680	94	108
160	7	4	677,682,683,684	101	115
161	7	4	681,686,687,688	108	122
162	7	4	685,690,691,692	115	129
163	7	4	689,694,695,696	122	136
164	7	4	693,698,699,700	129	143
165	7	4	697,702,703,704	136	150
166	7	4	701,706,707,708	143	157
167	7	4	705,710,711,712	150	164
168	7	4	709,714,715,716	157	171
169	7	4	713,717,718,719	164	178
170	8	4	720,721,722,723	3	10
171	8	4	724,725,726,727	10	17
172	8	4	728,729,730,731	17	24
173	8	4	732,733,734,735	24	31
174	8	4	736,737,738,739	31	38
175	8	4	740,741,742,743	38	45
176	8	4	744,745,746,747	45	52
177	8	4	748,749,750,751	52	59
178	8	4	752,753,754,755	59	66
179	8	4	756,757,758,759	66	73
180	8	4	760,761,762,763	73	80
181	8	4	764,765,766,767	80	87
182	8	4	768,769,770,771	87	94
183	8	4	772,773,774,775	94	101
184	8	4	776,777,778,779	101	108
185	8	4	780,781,782,783	108	115
186	8	4	784,785,786,787	115	122
187	8	4	788,789,790,791	122	129
188	8	4	792,793,794,795	129	136
189	8	4	796,797,798,799	136	143
190	8	4	800,801,802,803	143	150
191	8	4	804,805,806,807	150	157
192	8	4	808,809,810,811	157	164
193	8	4	812,813,814,815	164	171
194	8	4	816,817,818,819	171	178
195	9	6	820,821,822,823,824,825	3	17
196	9	6	827,828,829,830,831,832	10	24
197	9	6	826,834,835,836,837,838	17	31
198	9	6	833,840,841,842,843,844	24	38
199	9	6	839,846,847,848,849,850	31	45
200	9	6	845,852,853,854,855,856	38	52
201	9	6	851,858,859,860,861,862	45	59
202	9	6	857,864,865,866,867,868	52	66
203	9	6	863,870,871,872,873,874	59	73
204	9	6	869,876,877,878,879,880	66	80
205	9	6	875,882,883,884,885,886	73	87
206	9	6	881,888,889,890,891,892	80	94
207	9	6	887,894,895,896,897,898	87	101
208	9	6	893,900,901,902,903,904	94	108
209	9	6	899,906,907,908,909,910	101	115
210	9	6	905,912,913,914,915,916	108	122
211	9	6	911,918,919,920,921,922	115	129
212	9	6	917,924,925,926,927,928	122	136
213	9	6	923,930,931,932,933,934	129	143
214	9	6	929,936,937,938,939,940	136	150
215	9	6	935,942,943,944,945,946	143	157
216	9	6	941,948,949,950,951,952	150	164
217	9	6	947,954,955,956,957,958	157	171
218	9	6	953,959,960,961,962,963	164	178
219	10	4	964,965,966,967	3	17
220	10	4	969,970,971,972	10	24
221	10	4	968,974,975,976	17	31
222	10	4	973,978,979,980	24	38
223	10	4	977,982,983,984	31	45
224	10	4	981,986,987,988	38	52
225	10	4	985,990,991,992	45	59
226	10	4	989,994,995,996	52	66
227	10	4	993,998,999,1000	59	73
228	10	4	997,1002,1003,1004	66	80
229	10	4	1001,1006,1007,1008	73	87
230	10	4	1005,1010,1011,1012	80	94
231	10	4	1009,1014,1015,1016	87	101
232	10	4	1013,1018,1019,1020	94	108
233	10	4	1017,1022,1023,1024	101	115
234	10	4	1021,1026,1027,1028	108	122
235	10	4	1025,1030,1031,1032	115	129
236	10	4	1029,1034,1035,1036	122	136
237	10	4	1033,1038,1039,1040	129	143
238	10	4	1037,1042,1043,1044	136	150
239	10	4	1041,1046,1047,1048	143	157
240	10	4	1045,1050,1051,1052	150	164
241	10	4	1049,1054,1055,1056	157	171
242	10	4	1053,1057,1058,1059	164	178
243	11	5	1060,1061,1062,1063,1064	3	17
244	11	5	1066,1067,1068,1069,1070	10	24
245	11	5	1065,1072,1073,1074,1075	17	31
246	11	5	1071,1077,1078,1079,1080	24	38
247	11	5	1076,1082,1083,1084,1085	31	45
248	11	5	1081,1087,1088,1089,1090	38	52
249	11	5	1086,1092,1093,1094,1095	45	59
250	11	5	1091,1097,1098,1099,1100	52	66
251	11	5	1096,1102,1103,1104,1105	59	73
252	11	5	1101,1107,1108,1109,1110	66	80
253	11	5	1106,1112,1113,1114,1115	73	87
254	11	5	1111,1117,1118,1119,1120	80	94
255	11	5	1116,1122,1123,1124,1125	87	101
256	11	5	1121,1127,1128,1129,1130	94	108
257	11	5	1126,1132,1133,1134,1135	101	115
258	11	5	1131,1137,1138,1139,1140	108	122
259	11	5	1136,1142,1143,1144,1145	115	129
260	11	5	1141,1147,1148,1149,1150	122	136
261	11	5	1146,1152,1153,1154,1155	129	143
262	11	5	1151,1157,1158,1159,1160	136	150
263	11	5	1156,1162,1163,1164,1165	143	157
264	11	5	1161,1167,1168,1169,1170	150	164
265	11	5	1166,1172,1173,1174,1175	157	171
266	11	5	1171,1176,1177,1178,1179	164	178
267	12	4	1180,1181,1182,1183	3	17
268	12	4	1185,1186,1187,1188	10	24
269	12	4	1184,1190,1191,1192	17	31
270	12	4	1189,1194,1195,1196	24	38
271	12	4	1193,1198,1199,1200	31	45
272	12	4	1197,1202,1203,1204	38	52
273	12	4	1201,1206,1207,1208	45	59
274	12	4	1205,1210,1211,1212	52	66
275	12	4	1209,1214,1215,1216	59	73
276	12	4	1213,1218,1219,1220	66	80
277	12	4	1217,1222,1223,1224	73	87
278	12	4	1221,1226,1227,1228	80	94
279	12	4	1225,1230,1231,1232	87	101
280	12	4	1229,1234,1235,1236	94	108
281	12	4	1233,1238,1239,1240	101	115
282	12	4	1237,1242,1243,1244	108	122
283	12	4	1241,1246,1247,1248	115	129
284	12	4	1245,1250,1251,1252	122	136
285	12	4	1249,1254,1255,1256	129	143
286	12	4	1253,1258,1259,1260	136	150
287	12	4	1257,1262,1263,1264	143	157
288	12	4	1261,1266,1267,1268	150	164
289	12	4	1265,1270,1271,1272	157	171
290	12	4	1269,1273,1274,1275	164	178
291	13	4	1276,1277,1278,1279	3	17
292	13	4	1281,1282,1283,1284	10	24
293	13	4	1280,1286,1287,1288	17	31
294	13	4	1285,1290,1291,1292	24	38
295	13	4	1289,1294,1295,1296	31	45
296	13	4	1293,1298,1299,1300	38	52
297	13	4	1297,1302,1303,1304	45	59
298	13	4	1301,1306,1307,1308	52	66
299	13	4	1305,1310,1311,1312	59	73
300	13	4	1309,1314,1315,1316	66	80
301	13	4	1313,1318,1319,1320	73	87
302	13	4	1317,1322,1323,1324	80	94
303	13	4	1321,1326,1327,1328	87	101
304	13	4	1325,1330,1331,1332	94	108
305	13	4	1329,1334,1335,1336	101	115
306	13	4	1333,1338,1339,1340	108	122
307	13	4	1337,1342,1343,1344	115	129
308	13	4	1341,1346,1347,1348	122	136
309	13	4	1345,1350,1351,1352	129	143
310	13	4	1349,1354,1355,1356	136	150
311	13	4	1353,1358,1359,1360	143	157
312	13	4	1357,1362,1363,1364	150	164
313	13	4	1361,1366,1367,1368	157	171
314	13	4	1365,1369,1370,1371	164	178
315	14	9	1372,1373,1374,1375,1376,1377,1378,1379,1380	3	24
316	14	9	1382,1383,1384,1385,1386,1387,1388,1389,1390	10	31
317	14	9	1392,1393,1394,1395,1396,1397,1398,1399,1400	17	38
318	14	9	1381,1402,1403,1404,1405,1406,1407,1408,1409	24	45
319	14	9	1391,1411,1412,1413,1414,1415,1416,1417,1418	31	52
320	14	9	1401,1420,1421,1422,1423,1424,1425,1426,1427	38	59
321	14	9	1410,1429,1430,1431,1432,1433,1434,1435,1436	45	66
322	14	9	1419,1438,1439,1440,1441,1442,1443,1444,1445	52	73
323	14	9	1428,1447,1448,1449,1450,1451,1452,1453,1454	59	80
324	14	9	1437,1456,1457,1458,1459,1460,1461,1462,1463	66	87
325	14	9	1446,1465,1466,1467,1468,1469,1470,1471,1472	73	94
326	14	9	1455,1474,1475,1476,1477,1478,1479,1480,1481	80	101
327	14	9	1464,1483,1484,1485,1486,1487,1488,1489,1490	87	108
328	14	9	1473,1492,1493,1494,1495,1496,1497,1498,1499	94	115
329	14	9	1482,1501,1502,1503,1504,1505,1506,1507,1508	101	122
330	14	9	1491,1510,1511,1512,1513,1514,1515,1516,1517	108	129
331	14	9	1500,1519,1520,1521,1522,1523,1524,1525,1526	115	136
332	14	9	1509,1528,1529,1530,1531,1532,1533,1534,1535	122	143
333	14	9	1518,1537,1538,1539,1540,1541,1542,1543,1544	129	150
334	14	9	1527,1546,1547,1548,1549,1550,1551,1552,1553	136	157
335	14	9	1536,1555,1556,1557,1558,1559,1560,1561,1562	143	164
336	14	9	1545,1563,1564,1565,1566,1567,1568,1569,1570	150	171
337	14	9	1554,1571,1572,1573,1574,1575,1576,1577,1578	157	178
338	15	4	1579,1580,1581,1582	3	10
339	15	4	1583,1584,1585,1586	10	17
340	15	4	1587,1588,1589,1590	17	24
341	15	4	1591,1592,1593,1594	24	31
342	15	4	1595,1596,1597,1598	31	38
343	15	4	1599,1600,1601,1602	38	45
344	15	4	1603,1604,1605,1606	45	52
345	15	4	1607,1608,1609,1610	52	59
346	15	4	1611,1612,1613,1614	59	66
347	15	4	1615,1616,1617,1618	66	73
348	15	4	1619,1620,1621,1622	73	80
349	15	4	1623,1624,1625,1626	80	87
350	15	4	1627,1628,1629,1630	87	94
351	15	4	1631,1632,1633,1634	94	101
352	15	4	1635,1636,1637,1638	101	108
353	15	4	1639,1640,1641,1642	108	115
354	15	4	1643,1644,1645,1646	115	122
355	15	4	1647,1648,1649,1650	122	129
356	15	4	1651,1652,1653,1654	129	136
357	15	4	1655,1656,1657,1658	136	143
358	15	4	1659,1660,1661,1662	143	150
359	15	4	1663,1664,1665,1666	150	157
360	15	4	1667,1668,1669,1670	157	164
361	15	4	1671,1672,1673,1674	164	171
362	15	4	1675,1676,1677,1678	171	178
363	16	5	1679,1680,1681,1682,1683	3	17
364	16	5	1685,1686,1687,1688,1689	10	24
365	16	5	1684,1691,1692,1693,1694	17	31
366	16	5	1690,1696,1697,1698,1699	24	38
367	16	5	1695,1701,1702,1703,1704	31	45
368	16	5	1700,1706,1707,1708,1709	38	52
369	16	5	1705,1711,1712,1713,1714	45	59
370	16	5	1710,1716,1717,1718,1719	52	66
371	16	5	1715,1721,1722,1723,1724	59	73
372	16	5	1720,1726,1727,1728,1729	66	80
373	16	5	1725,1731,1732,1733,1734	73	87
374	16	5	1730,1736,1737,1738,1739	80	94
375	16	5	1735,1741,1742,1743,1744	87	101
376	16	5	1740,1746,1747,1748,1749	94	108
377	16	5	1745,1751,1752,1753,1754	101	115
378	16	5	1750,1756,1757,1758,1759	108	122
379	16	5	1755,1761,1762,1763,1764	115	129
380	16	5	1760,1766,1767,1768,1769	122	136
381	16	5	1765,1771,1772,1773,1774	129	143
382	16	5	1770,1776,1777,1778,1779	136	150
383	16	5	1775,1781,1782,1783,1784	143	157
384	16	5	1780,1786,1787,1788,1789	150	164
385	16	5	1785,1791,1792,1793,1794	157	171
386	16	5	1790,1795,1796,1797,1798	164	178
387	17	6	1799,1800,1801,1802,1803,1804	3	17
388	17	6	1806,1807,1808,1809,1810,1811	10	24
389	17	6	1805,1813,1814,1815,1816,1817	17	31
390	17	6	1812,1819,1820,1821,1822,1823	24	38
391	17	6	1818,1825,1826,1827,1828,1829	31	45
392	17	6	1824,1831,1832,1833,1834,1835	38	52
393	17	6	1830,1837,1838,1839,1840,1841	45	59
394	17	6	1836,1843,1844,1845,1846,1847	52	66
395	17	6	1842,1849,1850,1851,1852,1853	59	73
396	17	6	1848,1855,1856,1857,1858,1859	66	80
397	17	6	1854,1861,1862,1863,1864,1865	73	87
398	17	6	1860,1867,1868,1869,1870,1871	80	94
399	17	6	1866,1873,1874,1875,1876,1877	87	101
400	17	6	1872,1879,1880,1881,1882,1883	94	108
401	17	6	1878,1885,1886,1887,1888,1889	101	115
402	17	6	1884,1891,1892,1893,1894,1895	108	122
403	17	6	1890,1897,1898,1899,1900,1901	115	129
404	17	6	1896,1903,1904,1905,1906,1907	122	136
405	17	6	1902,1909,1910,1911,1912,1913	129	143
406	17	6	1908,1915,1916,1917,1918,1919	136	150
407	17	6	1914,1921,1922,1923,1924,1925	143	157
408	17	6	1920,1927,1928,1929,1930,1931	150	164
409	17	6	1926,1933,1934,1935,1936,1937	157	171
410	17	6	1932,1938,1939,1940,1941,1942	164	178
411	18	5	1943,1944,1945,1946,1947	3	10
412	18	5	1948,1949,1950,1951,1952	10	17
413	18	5	1953,1954,1955,1956,1957	17	24
414	18	5	1958,1959,1960,1961,1962	24	31
415	18	5	1963,1964,1965,1966,1967	31	38
416	18	5	1968,1969,1970,1971,1972	38	45
417	18	5	1973,1974,1975,1976,1977	45	52
418	18	5	1978,1979,1980,1981,1982	52	59
419	18	5	1983,1984,1985,1986,1987	59	66
420	18	5	1988,1989,1990,1991,1992	66	73
421	18	5	1993,1994,1995,1996,1997	73	80
422	18	5	1998,1999,2000,2001,2002	80	87
423	18	5	2003,2004,2005,2006,2007	87	94
424	18	5	2008,2009,2010,2011,2012	94	101
425	18	5	2013,2014,2015,2016,2017	101	108
426	18	5	2018,2019,2020,2021,2022	108	115
427	18	5	2023,2024,2025,2026,2027	115	122
428	18	5	2028,2029,2030,2031,2032	122	129
429	18	5	2033,2034,2035,2036,2037	129	136
430	18	5	2038,2039,2040,2041,2042	136	143
431	18	5	2043,2044,2045,2046,2047	143	150
432	18	5	2048,2049,2050,2051,2052	150	157
433	18	5	2053,2054,2055,2056,2057	157	164
434	18	5	2058,2059,2060,2061,2062	164	171
435	18	5	2063,2064,2065,2066,2067	171	178
436	19	5	2068,2069,2070,2071,2072	3	10
437	19	5	2073,2074,2075,2076,2077	10	17
438	19	5	2078,2079,2080,2081,2082	17	24
439	19	5	2083,2084,2085,2086,2087	24	31
440	19	5	2088,2089,2090,2091,2092	31	38
441	19	5	2093,2094,2095,2096,2097	38	45
442	19	5	2098,2099,2100,2101,2102	45	52
443	19	5	2103,2104,2105,2106,2107	52	59
444	19	5	2108,2109,2110,2111,2112	59	66
445	19	5	2113,2114,2115,2116,2117	66	73
446	19	5	2118,2119,2120,2121,2122	73	80
447	19	5	2123,2124,2125,2126,2127	80	87
448	19	5	2128,2129,2130,2131,2132	87	94
449	19	5	2133,2134,2135,2136,2137	94	101
450	19	5	2138,2139,2140,2141,2142	101	108
451	19	5	2143,2144,2145,2146,2147	108	115
452	19	5	2148,2149,2150,2151,2152	115	122
453	19	5	2153,2154,2155,2156,2157	122	129
454	19	5	2158,2159,2160,2161,2162	129	136
455	19	5	2163,2164,2165,2166,2167	136	143
456	19	5	2168,2169,2170,2171,2172	143	150
457	19	5	2173,2174,2175,2176,2177	150	157
458	19	5	2178,2179,2180,2181,2182	157	164
459	19	5	2183,2184,2185,2186,2187	164	171
460	19	5	2188,2189,2190,2191,2192	171	178
461	20	3	2193,2194,2195	3	17
462	20	3	2197,2198,2199	10	24
463	20	3	2196,2201,2202	17	31
464	20	3	2200,2204,2205	24	38
465	20	3	2203,2207,2208	31	45
466	20	3	2206,2210,2211	38	52
467	20	3	2209,2213,2214	45	59
468	20	3	2212,2216,2217	52	66
469	20	3	2215,2219,2220	59	73
470	20	3	2218,2222,2223	66	80
471	20	3	2221,2225,2226	73	87
472	20	3	2224,2228,2229	80	94
473	20	3	2227,2231,2232	87	101
474	20	3	2230,2234,2235	94	108
475	20	3	2233,2237,2238	101	115
476	20	3	2236,2240,2241	108	122
477	20	3	2239,2243,2244	115	129
478	20	3	2242,2246,2247	122	136
479	20	3	2245,2249,2250	129	143
480	20	3	2248,2252,2253	136	150
481	20	3	2251,2255,2256	143	157
482	20	3	2254,2258,2259	150	164
483	20	3	2257,2261,2262	157	171
484	20	3	2260,2263,2264	164	178
485	21	2	2265,2266	3	10
486	21	2	2267,2268	10	17
487	21	2	2269,2270	17	24
488	21	2	2271,2272	24	31
489	21	2	2273,2274	31	38
490	21	2	2275,2276	38	45
491	21	2	2277,2278	45	52
492	21	2	2279,2280	52	59
493	21	2	2281,2282	59	66
494	21	2	2283,2284	66	73
495	21	2	2285,2286	73	80
496	21	2	2287,2288	80	87
497	21	2	2289,2290	87	94
498	21	2	2291,2292	94	101
499	21	2	2293,2294	101	108
500	21	2	2295,2296	108	115
501	21	2	2297,2298	115	122
502	21	2	2299,2300	122	129
503	21	2	2301,2302	129	136
504	21	2	2303,2304	136	143
505	21	2	2305,2306	143	150
506	21	2	2307,2308	150	157
507	21	2	2309,2310	157	164
508	21	2	2311,2312	164	171
509	21	2	2313,2314	171	178
510	22	2	2315,2316	3	10
511	22	2	2317,2318	10	17
512	22	2	2319,2320	17	24
513	22	2	2321,2322	24	31
514	22	2	2323,2324	31	38
515	22	2	2325,2326	38	45
516	22	2	2327,2328	45	52
517	22	2	2329,2330	52	59
518	22	2	2331,2332	59	66
519	22	2	2333,2334	66	73
520	22	2	2335,2336	73	80
521	22	2	2337,2338	80	87
522	22	2	2339,2340	87	94
523	22	2	2341,2342	94	101
524	22	2	2343,2344	101	108
525	22	2	2345,2346	108	115
526	22	2	2347,2348	115	122
527	22	2	2349,2350	122	129
528	22	2	2351,2352	129	136
529	22	2	2353,2354	136	143
530	22	2	2355,2356	143	150
531	22	2	2357,2358	150	157
532	22	2	2359,2360	157	164
533	22	2	2361,2362	164	171
534	22	2	2363,2364	171	178
535	23	2	2365,2366	3	10
536	23	2	2367,2368	10	17
537	23	2	2369,2370	17	24
538	23	2	2371,2372	24	31
539	23	2	2373,2374	31	38
540	23	2	2375,2376	38	45
541	23	2	2377,2378	45	52
542	23	2	2379,2380	52	59
543	23	2	2381,2382	59	66
544	23	2	2383,2384	66	73
545	23	2	2385,2386	73	80
546	23	2	2387,2388	80	87
547	23	2	2389,2390	87	94
548	23	2	2391,2392	94	101
549	23	2	2393,2394	101	108
550	23	2	2395,2396	108	115
551	23	2	2397,2398	115	122
552	23	2	2399,2400	122	129
553	23	2	2401,2402	129	136
554	23	2	2403,2404	136	143
555	23	2	2405,2406	143	150
556	23	2	2407,2408	150	157
557	23	2	2409,2410	157	164
558	23	2	2411,2412	164	171
559	23	2	2413,2414	171	178
560	24	3	2415,2416,2417	3	10
561	24	3	2418,2419,2420	10	17
562	24	3	2421,2422,2423	17	24
563	24	3	2424,2425,2426	24	31
564	24	3	2427,2428,2429	31	38
565	24	3	2430,2431,2432	38	45
566	24	3	2433,2434,2435	45	52
567	24	3	2436,2437,2438	52	59
568	24	3	2439,2440,2441	59	66
569	24	3	2442,2443,2444	66	73
570	24	3	2445,2446,2447	73	80
571	24	3	2448,2449,2450	80	87
572	24	3	2451,2452,2453	87	94
573	24	3	2454,2455,2456	94	101
574	24	3	2457,2458,2459	101	108
575	24	3	2460,2461,2462	108	115
576	24	3	2463,2464,2465	115	122
577	24	3	2466,2467,2468	122	129
578	24	3	2469,2470,2471	129	136
579	24	3	2472,2473,2474	136	143
580	24	3	2475,2476,2477	143	150
581	24	3	2478,2479,2480	150	157
582	24	3	2481,2482,2483	157	164
583	24	3	2484,2485,2486	164	171
584	24	3	2487,2488,2489	171	178
585	25	2	2490,2491	3	10
586	25	2	2492,2493	10	17
587	25	2	2494,2495	17	24
588	25	2	2496,2497	24	31
589	25	2	2498,2499	31	38
590	25	2	2500,2501	38	45
591	25	2	2502,2503	45	52
592	25	2	2504,2505	52	59
593	25	2	2506,2507	59	66
594	25	2	2508,2509	66	73
595	25	2	2510,2511	73	80
596	25	2	2512,2513	80	87
597	25	2	2514,2515	87	94
598	25	2	2516,2517	94	101
599	25	2	2518,2519	101	108
600	25	2	2520,2521	108	115
601	25	2	2522,2523	115	122
602	25	2	2524,2525	122	129
603	25	2	2526,2527	129	136
604	25	2	2528,2529	136	143
605	25	2	2530,2531	143	150
606	25	2	2532,2533	150	157
607	25	2	2534,2535	157	164
608	25	2	2536,2537	164	171
609	25	2	2538,2539	171	178
610	26	2	2540,2541	3	17
611	26	2	2543,2544	10	24
612	26	2	2542,2546	17	31
613	26	2	2545,2548	24	38
614	26	2	2547,2550	31	45
615	26	2	2549,2552	38	52
616	26	2	2551,2554	45	59
617	26	2	2553,2556	52	66
618	26	2	2555,2558	59	73
619	26	2	2557,2560	66	80
620	26	2	2559,2562	73	87
621	26	2	2561,2564	80	94
622	26	2	2563,2566	87	101
623	26	2	2565,2568	94	108
624	26	2	2567,2570	101	115
625	26	2	2569,2572	108	122
626	26	2	2571,2574	115	129
627	26	2	2573,2576	122	136
628	26	2	2575,2578	129	143
629	26	2	2577,2580	136	150
630	26	2	2579,2582	143	157
631	26	2	2581,2584	150	164
632	26	2	2583,2586	157	171
633	26	2	2585,2587	164	178
634	27	4	2588,2589,2590,2591	3	17
635	27	4	2593,2594,2595,2596	10	24
636	27	4	2592,2598,2599,2600	17	31
637	27	4	2597,2602,2603,2604	24	38
638	27	4	2601,2606,2607,2608	31	45
639	27	4	2605,2610,2611,2612	38	52
640	27	4	2609,2614,2615,2616	45	59
641	27	4	2613,2618,2619,2620	52	66
642	27	4	2617,2622,2623,2624	59	73
643	27	4	2621,2626,2627,2628	66	80
644	27	4	2625,2630,2631,2632	73	87
645	27	4	2629,2634,2635,2636	80	94
646	27	4	2633,2638,2639,2640	87	101
647	27	4	2637,2642,2643,2644	94	108
648	27	4	2641,2646,2647,2648	101	115
649	27	4	2645,2650,2651,2652	108	122
650	27	4	2649,2654,2655,2656	115	129
651	27	4	2653,2658,2659,2660	122	136
652	27	4	2657,2662,2663,2664	129	143
653	27	4	2661,2666,2667,2668	136	150
654	27	4	2665,2670,2671,2672	143	157
655	27	4	2669,2674,2675,2676	150	164
656	27	4	2673,2678,2679,2680	157	171
657	27	4	2677,2681,2682,2683	164	178
658	28	5	2684,2685,2686,2687,2688	3	17
659	28	5	2690,2691,2692,2693,2694	10	24
660	28	5	2689,2696,2697,2698,2699	17	31
661	28	5	2695,2701,2702,2703,2704	24	38
662	28	5	2700,2706,2707,2708,2709	31	45
663	28	5	2705,2711,2712,2713,2714	38	52
664	28	5	2710,2716,2717,2718,2719	45	59
665	28	5	2715,2721,2722,2723,2724	52	66
666	28	5	2720,2726,2727,2728,2729	59	73
667	28	5	2725,2731,2732,2733,2734	66	80
668	28	5	2730,2736,2737,2738,2739	73	87
669	28	5	2735,2741,2742,2743,2744	80	94
670	28	5	2740,2746,2747,2748,2749	87	101
671	28	5	2745,2751,2752,2753,2754	94	108
672	28	5	2750,2756,2757,2758,2759	101	115
673	28	5	2755,2761,2762,2763,2764	108	122
674	28	5	2760,2766,2767,2768,2769	115	129
675	28	5	2765,2771,2772,2773,2774	122	136
676	28	5	2770,2776,2777,2778,2779	129	143
677	28	5	2775,2781,2782,2783,2784	136	150
678	28	5	2780,2786,2787,2788,2789	143	157
679	28	5	2785,2791,2792,2793,2794	150	164
680	28	5	2790,2796,2797,2798,2799	157	171
681	28	5	2795,2800,2801,2802,2803	164	178
682	29	3	2804,2805,2806	3	10
683	29	3	2807,2808,2809	10	17
684	29	3	2810,2811,2812	17	24
685	29	3	2813,2814,2815	24	31
686	29	3	2816,2817,2818	31	38
687	29	3	2819,2820,2821	38	45
688	29	3	2822,2823,2824	45	52
689	29	3	2825,2826,2827	52	59
690	29	3	2828,2829,2830	59	66
691	29	3	2831,2832,2833	66	73
692	29	3	2834,2835,2836	73	80
693	29	3	2837,2838,2839	80	87
694	29	3	2840,2841,2842	87	94
695	29	3	2843,2844,2845	94	101
696	29	3	2846,2847,2848	101	108
697	29	3	2849,2850,2851	108	115
698	29	3	2852,2853,2854	115	122
699	29	3	2855,2856,2857	122	129
700	29	3	2858,2859,2860	129	136
701	29	3	2861,2862,2863	136	143
702	29	3	2864,2865,2866	143	150
703	29	3	2867,2868,2869	150	157
704	29	3	2870,2871,2872	157	164
705	29	3	2873,2874,2875	164	171
706	29	3	2876,2877,2878	171	178
707	30	3	2879,2880,2881	3	10
708	30	3	2882,2883,2884	10	17
709	30	3	2885,2886,2887	17	24
710	30	3	2888,2889,2890	24	31
711	30	3	2891,2892,2893	31	38
712	30	3	2894,2895,2896	38	45
713	30	3	2897,2898,2899	45	52
714	30	3	2900,2901,2902	52	59
715	30	3	2903,2904,2905	59	66
716	30	3	2906,2907,2908	66	73
717	30	3	2909,2910,2911	73	80
718	30	3	2912,2913,2914	80	87
719	30	3	2915,2916,2917	87	94
720	30	3	2918,2919,2920	94	101
721	30	3	2921,2922,2923	101	108
722	30	3	2924,2925,2926	108	115
723	30	3	2927,2928,2929	115	122
724	30	3	2930,2931,2932	122	129
725	30	3	2933,2934,2935	129	136
726	30	3	2936,2937,2938	136	143
727	30	3	2939,2940,2941	143	150
728	30	3	2942,2943,2944	150	157
729	30	3	2945,2946,2947	157	164
730	30	3	2948,2949,2950	164	171
731	30	3	2951,2952,2953	171	178
732	31	5	2954,2955,2956,2957,2958	3	17
733	31	5	2960,2961,2962,2963,2964	10	24
734	31	5	2959,2966,2967,2968,2969	17	31
735	31	5	2965,2971,2972,2973,2974	24	38
736	31	5	2970,2976,2977,2978,2979	31	45
737	31	5	2975,2981,2982,2983,2984	38	52
738	31	5	2980,2986,2987,2988,2989	45	59
739	31	5	2985,2991,2992,2993,2994	52	66
740	31	5	2990,2996,2997,2998,2999	59	73
741	31	5	2995,3001,3002,3003,3004	66	80
742	31	5	3000,3006,3007,3008,3009	73	87
743	31	5	3005,3011,3012,3013,3014	80	94
744	31	5	3010,3016,3017,3018,3019	87	101
745	31	5	3015,3021,3022,3023,3024	94	108
746	31	5	3020,3026,3027,3028,3029	101	115
747	31	5	3025,3031,3032,3033,3034	108	122
748	31	5	3030,3036,3037,3038,3039	115	129
749	31	5	3035,3041,3042,3043,3044	122	136
750	31	5	3040,3046,3047,3048,3049	129	143
751	31	5	3045,3051,3052,3053,3054	136	150
752	31	5	3050,3056,3057,3058,3059	143	157
753	31	5	3055,3061,3062,3063,3064	150	164
754	31	5	3060,3066,3067,3068,3069	157	171
755	31	5	3065,3070,3071,3072,3073	164	178
756	32	3	3074,3075,3076	3	10
757	32	3	3077,3078,3079	10	17
758	32	3	3080,3081,3082	17	24
759	32	3	3083,3084,3085	24	31
760	32	3	3086,3087,3088	31	38
761	32	3	3089,3090,3091	38	45
762	32	3	3092,3093,3094	45	52
763	32	3	3095,3096,3097	52	59
764	32	3	3098,3099,3100	59	66
765	32	3	3101,3102,3103	66	73
766	32	3	3104,3105,3106	73	80
767	32	3	3107,3108,3109	80	87
768	32	3	3110,3111,3112	87	94
769	32	3	3113,3114,3115	94	101
770	32	3	3116,3117,3118	101	108
771	32	3	3119,3120,3121	108	115
772	32	3	3122,3123,3124	115	122
773	32	3	3125,3126,3127	122	129
774	32	3	3128,3129,3130	129	136
775	32	3	3131,3132,3133	136	143
776	32	3	3134,3135,3136	143	150
777	32	3	3137,3138,3139	150	157
778	32	3	3140,3141,3142	157	164
779	32	3	3143,3144,3145	164	171
780	32	3	3146,3147,3148	171	178
781	33	4	3149,3150,3151,3152	3	17
782	33	4	3154,3155,3156,3157	10	24
783	33	4	3153,3159,3160,3161	17	31
784	33	4	3158,3163,3164,3165	24	38
785	33	4	3162,3167,3168,3169	31	45
786	33	4	3166,3171,3172,3173	38	52
787	33	4	3170,3175,3176,3177	45	59
788	33	4	3174,3179,3180,3181	52	66
789	33	4	3178,3183,3184,3185	59	73
790	33	4	3182,3187,3188,3189	66	80
791	33	4	3186,3191,3192,3193	73	87
792	33	4	3190,3195,3196,3197	80	94
793	33	4	3194,3199,3200,3201	87	101
794	33	4	3198,3203,3204,3205	94	108
795	33	4	3202,3207,3208,3209	101	115
796	33	4	3206,3211,3212,3213	108	122
797	33	4	3210,3215,3216,3217	115	129
798	33	4	3214,3219,3220,3221	122	136
799	33	4	3218,3223,3224,3225	129	143
800	33	4	3222,3227,3228,3229	136	150
801	33	4	3226,3231,3232,3233	143	157
802	33	4	3230,3235,3236,3237	150	164
803	33	4	3234,3239,3240,3241	157	171
804	33	4	3238,3242,3243,3244	164	178
805	34	9	3245,3246,3247,3248,3249,3250,3251,3252,3253	3	17
806	34	9	3255,3256,3257,3258,3259,3260,3261,3262,3263	10	24
807	34	9	3254,3265,3266,3267,3268,3269,3270,3271,3272	17	31
808	34	9	3264,3274,3275,3276,3277,3278,3279,3280,3281	24	38
809	34	9	3273,3283,3284,3285,3286,3287,3288,3289,3290	31	45
810	34	9	3282,3292,3293,3294,3295,3296,3297,3298,3299	38	52
811	34	9	3291,3301,3302,3303,3304,3305,3306,3307,3308	45	59
812	34	9	3300,3310,3311,3312,3313,3314,3315,3316,3317	52	66
813	34	9	3309,3319,3320,3321,3322,3323,3324,3325,3326	59	73
814	34	9	3318,3328,3329,3330,3331,3332,3333,3334,3335	66	80
815	34	9	3327,3337,3338,3339,3340,3341,3342,3343,3344	73	87
816	34	9	3336,3346,3347,3348,3349,3350,3351,3352,3353	80	94
817	34	9	3345,3355,3356,3357,3358,3359,3360,3361,3362	87	101
818	34	9	3354,3364,3365,3366,3367,3368,3369,3370,3371	94	108
819	34	9	3363,3373,3374,3375,3376,3377,3378,3379,3380	101	115
820	34	9	3372,3382,3383,3384,3385,3386,3387,3388,3389	108	122
821	34	9	3381,3391,3392,3393,3394,3395,3396,3397,3398	115	129
822	34	9	3390,3400,3401,3402,3403,3404,3405,3406,3407	122	136
823	34	9	3399,3409,3410,3411,3412,3413,3414,3415,3416	129	143
824	34	9	3408,3418,3419,3420,3421,3422,3423,3424,3425	136	150
825	34	9	3417,3427,3428,3429,3430,3431,3432,3433,3434	143	157
826	34	9	3426,3436,3437,3438,3439,3440,3441,3442,3443	150	164
827	34	9	3435,3445,3446,3447,3448,3449,3450,3451,3452	157	171
828	34	9	3444,3453,3454,3455,3456,3457,3458,3459,3460	164	178
829	35	6	3461,3462,3463,3464,3465,3466	3	17
830	35	6	3468,3469,3470,3471,3472,3473	10	24
831	35	6	3467,3475,3476,3477,3478,3479	17	31
832	35	6	3474,3481,3482,3483,3484,3485	24	38
833	35	6	3480,3487,3488,3489,3490,3491	31	45
834	35	6	3486,3493,3494,3495,3496,3497	38	52
835	35	6	3492,3499,3500,3501,3502,3503	45	59
836	35	6	3498,3505,3506,3507,3508,3509	52	66
837	35	6	3504,3511,3512,3513,3514,3515	59	73
838	35	6	3510,3517,3518,3519,3520,3521	66	80
839	35	6	3516,3523,3524,3525,3526,3527	73	87
840	35	6	3522,3529,3530,3531,3532,3533	80	94
841	35	6	3528,3535,3536,3537,3538,3539	87	101
842	35	6	3534,3541,3542,3543,3544,3545	94	108
843	35	6	3540,3547,3548,3549,3550,3551	101	115
844	35	6	3546,3553,3554,3555,3556,3557	108	122
845	35	6	3552,3559,3560,3561,3562,3563	115	129
846	35	6	3558,3565,3566,3567,3568,3569	122	136
847	35	6	3564,3571,3572,3573,3574,3575	129	143
848	35	6	3570,3577,3578,3579,3580,3581	136	150
849	35	6	3576,3583,3584,3585,3586,3587	143	157
850	35	6	3582,3589,3590,3591,3592,3593	150	164
851	35	6	3588,3595,3596,3597,3598,3599	157	171
852	35	6	3594,3600,3601,3602,3603,3604	164	178
853	36	4	3605,3606,3607,3608	3	17
854	36	4	3610,3611,3612,3613	10	24
855	36	4	3609,3615,3616,3617	17	31
856	36	4	3614,3619,3620,3621	24	38
857	36	4	3618,3623,3624,3625	31	45
858	36	4	3622,3627,3628,3629	38	52
859	36	4	3626,3631,3632,3633	45	59
860	36	4	3630,3635,3636,3637	52	66
861	36	4	3634,3639,3640,3641	59	73
862	36	4	3638,3643,3644,3645	66	80
863	36	4	3642,3647,3648,3649	73	87
864	36	4	3646,3651,3652,3653	80	94
865	36	4	3650,3655,3656,3657	87	101
866	36	4	3654,3659,3660,3661	94	108
867	36	4	3658,3663,3664,3665	101	115
868	36	4	3662,3667,3668,3669	108	122
869	36	4	3666,3671,3672,3673	115	129
870	36	4	3670,3675,3676,3677	122	136
871	36	4	3674,3679,3680,3681	129	143
872	36	4	3678,3683,3684,3685	136	150
873	36	4	3682,3687,3688,3689	143	157
874	36	4	3686,3691,3692,3693	150	164
875	36	4	3690,3695,3696,3697	157	171
876	36	4	3694,3698,3699,3700	164	178
877	37	7	3701,3702,3703,3704,3705,3706,3707	3	24
878	37	7	3709,3710,3711,3712,3713,3714,3715	10	31
879	37	7	3717,3718,3719,3720,3721,3722,3723	17	38
880	37	7	3708,3725,3726,3727,3728,3729,3730	24	45
881	37	7	3716,3732,3733,3734,3735,3736,3737	31	52
882	37	7	3724,3739,3740,3741,3742,3743,3744	38	59
883	37	7	3731,3746,3747,3748,3749,3750,3751	45	66
884	37	7	3738,3753,3754,3755,3756,3757,3758	52	73
885	37	7	3745,3760,3761,3762,3763,3764,3765	59	80
886	37	7	3752,3767,3768,3769,3770,3771,3772	66	87
887	37	7	3759,3774,3775,3776,3777,3778,3779	73	94
888	37	7	3766,3781,3782,3783,3784,3785,3786	80	101
889	37	7	3773,3788,3789,3790,3791,3792,3793	87	108
890	37	7	3780,3795,3796,3797,3798,3799,3800	94	115
891	37	7	3787,3802,3803,3804,3805,3806,3807	101	122
892	37	7	3794,3809,3810,3811,3812,3813,3814	108	129
893	37	7	3801,3816,3817,3818,3819,3820,3821	115	136
894	37	7	3808,3823,3824,3825,3826,3827,3828	122	143
895	37	7	3815,3830,3831,3832,3833,3834,3835	129	150
896	37	7	3822,3837,3838,3839,3840,3841,3842	136	157
897	37	7	3829,3844,3845,3846,3847,3848,3849	143	164
898	37	7	3836,3850,3851,3852,3853,3854,3855	150	171
899	37	7	3843,3856,3857,3858,3859,3860,3861	157	178
900	38	7	3862,3863,3864,3865,3866,3867,3868	3	24
901	38	7	3870,3871,3872,3873,3874,3875,3876	10	31
902	38	7	3878,3879,3880,3881,3882,3883,3884	17	38
903	38	7	3869,3886,3887,3888,3889,3890,3891	24	45
904	38	7	3877,3893,3894,3895,3896,3897,3898	31	52
905	38	7	3885,3900,3901,3902,3903,3904,3905	38	59
906	38	7	3892,3907,3908,3909,3910,3911,3912	45	66
907	38	7	3899,3914,3915,3916,3917,3918,3919	52	73
908	38	7	3906,3921,3922,3923,3924,3925,3926	59	80
909	38	7	3913,3928,3929,3930,3931,3932,3933	66	87
910	38	7	3920,3935,3936,3937,3938,3939,3940	73	94
911	38	7	3927,3942,3943,3944,3945,3946,3947	80	101
912	38	7	3934,3949,3950,3951,3952,3953,3954	87	108
913	38	7	3941,3956,3957,3958,3959,3960,3961	94	115
914	38	7	3948,3963,3964,3965,3966,3967,3968	101	122
915	38	7	3955,3970,3971,3972,3973,3974,3975	108	129
916	38	7	3962,3977,3978,3979,3980,3981,3982	115	136
917	38	7	3969,3984,3985,3986,3987,3988,3989	122	143
918	38	7	3976,3991,3992,3993,3994,3995,3996	129	150
919	38	7	3983,3998,3999,4000,4001,4002,4003	136	157
920	38	7	3990,4005,4006,4007,4008,4009,4010	143	164
921	38	7	3997,4011,4012,4013,4014,4015,4016	150	171
922	38	7	4004,4017,4018,4019,4020,4021,4022	157	178
923	39	5	4023,4024,4025,4026,4027	3	10
924	39	5	4028,4029,4030,4031,4032	10	17
925	39	5	4033,4034,4035,4036,4037	17	24
926	39	5	4038,4039,4040,4041,4042	24	31
927	39	5	4043,4044,4045,4046,4047	31	38
928	39	5	4048,4049,4050,4051,4052	38	45
929	39	5	4053,4054,4055,4056,4057	45	52
930	39	5	4058,4059,4060,4061,4062	52	59
931	39	5	4063,4064,4065,4066,4067	59	66
932	39	5	4068,4069,4070,4071,4072	66	73
933	39	5	4073,4074,4075,4076,4077	73	80
934	39	5	4078,4079,4080,4081,4082	80	87
935	39	5	4083,4084,4085,4086,4087	87	94
936	39	5	4088,4089,4090,4091,4092	94	101
937	39	5	4093,4094,4095,4096,4097	101	108
938	39	5	4098,4099,4100,4101,4102	108	115
939	39	5	4103,4104,4105,4106,4107	115	122
940	39	5	4108,4109,4110,4111,4112	122	129
941	39	5	4113,4114,4115,4116,4117	129	136
942	39	5	4118,4119,4120,4121,4122	136	143
943	39	5	4123,4124,4125,4126,4127	143	150
944	39	5	4128,4129,4130,4131,4132	150	157
945	39	5	4133,4134,4135,4136,4137	157	164
946	39	5	4138,4139,4140,4141,4142	164	171
947	39	5	4143,4144,4145,4146,4147	171	178
948	40	6	4148,4149,4150,4151,4152,4153	3	31
949	40	6	4155,4156,4157,4158,4159,4160	10	38
950	40	6	4162,4163,4164,4165,4166,4167	17	45
951	40	6	4169,4170,4171,4172,4173,4174	24	52
952	40	6	4154,4176,4177,4178,4179,4180	31	59
953	40	6	4161,4182,4183,4184,4185,4186	38	66
954	40	6	4168,4188,4189,4190,4191,4192	45	73
955	40	6	4175,4194,4195,4196,4197,4198	52	80
956	40	6	4181,4200,4201,4202,4203,4204	59	87
957	40	6	4187,4206,4207,4208,4209,4210	66	94
958	40	6	4193,4212,4213,4214,4215,4216	73	101
959	40	6	4199,4218,4219,4220,4221,4222	80	108
960	40	6	4205,4224,4225,4226,4227,4228	87	115
961	40	6	4211,4230,4231,4232,4233,4234	94	122
962	40	6	4217,4236,4237,4238,4239,4240	101	129
963	40	6	4223,4242,4243,4244,4245,4246	108	136
964	40	6	4229,4248,4249,4250,4251,4252	115	143
965	40	6	4235,4254,4255,4256,4257,4258	122	150
966	40	6	4241,4260,4261,4262,4263,4264	129	157
967	40	6	4247,4265,4266,4267,4268,4269	136	164
968	40	6	4253,4270,4271,4272,4273,4274	143	171
969	40	6	4259,4275,4276,4277,4278,4279	150	178
970	41	5	4280,4281,4282,4283,4284	3	17
971	41	5	4286,4287,4288,4289,4290	10	24
972	41	5	4285,4292,4293,4294,4295	17	31
973	41	5	4291,4297,4298,4299,4300	24	38
974	41	5	4296,4302,4303,4304,4305	31	45
975	41	5	4301,4307,4308,4309,4310	38	52
976	41	5	4306,4312,4313,4314,4315	45	59
977	41	5	4311,4317,4318,4319,4320	52	66
978	41	5	4316,4322,4323,4324,4325	59	73
979	41	5	4321,4327,4328,4329,4330	66	80
980	41	5	4326,4332,4333,4334,4335	73	87
981	41	5	4331,4337,4338,4339,4340	80	94
982	41	5	4336,4342,4343,4344,4345	87	101
983	41	5	4341,4347,4348,4349,4350	94	108
984	41	5	4346,4352,4353,4354,4355	101	115
985	41	5	4351,4357,4358,4359,4360	108	122
986	41	5	4356,4362,4363,4364,4365	115	129
987	41	5	4361,4367,4368,4369,4370	122	136
988	41	5	4366,4372,4373,4374,4375	129	143
989	41	5	4371,4377,4378,4379,4380	136	150
990	41	5	4376,4382,4383,4384,4385	143	157
991	41	5	4381,4387,4388,4389,4390	150	164
992	41	5	4386,4392,4393,4394,4395	157	171
993	41	5	4391,4396,4397,4398,4399	164	178
994	42	2	4400,4401	3	10
995	42	2	4402,4403	10	17
996	42	2	4404,4405	17	24
997	42	2	4406,4407	24	31
998	42	2	4408,4409	31	38
999	42	2	4410,4411	38	45
1000	42	2	4412,4413	45	52
1001	42	2	4414,4415	52	59
1002	42	2	4416,4417	59	66
1003	42	2	4418,4419	66	73
1004	42	2	4420,4421	73	80
1005	42	2	4422,4423	80	87
1006	42	2	4424,4425	87	94
1007	42	2	4426,4427	94	101
1008	42	2	4428,4429	101	108
1009	42	2	4430,4431	108	115
1010	42	2	4432,4433	115	122
1011	42	2	4434,4435	122	129
1012	42	2	4436,4437	129	136
1013	42	2	4438,4439	136	143
1014	42	2	4440,4441	143	150
1015	42	2	4442,4443	150	157
1016	42	2	4444,4445	157	164
1017	42	2	4446,4447	164	171
1018	42	2	4448,4449	171	178
1019	43	6	4450,4451,4452,4453,4454,4455	3	17
1020	43	6	4457,4458,4459,4460,4461,4462	10	24
1021	43	6	4456,4464,4465,4466,4467,4468	17	31
1022	43	6	4463,4470,4471,4472,4473,4474	24	38
1023	43	6	4469,4476,4477,4478,4479,4480	31	45
1024	43	6	4475,4482,4483,4484,4485,4486	38	52
1025	43	6	4481,4488,4489,4490,4491,4492	45	59
1026	43	6	4487,4494,4495,4496,4497,4498	52	66
1027	43	6	4493,4500,4501,4502,4503,4504	59	73
1028	43	6	4499,4506,4507,4508,4509,4510	66	80
1029	43	6	4505,4512,4513,4514,4515,4516	73	87
1030	43	6	4511,4518,4519,4520,4521,4522	80	94
1031	43	6	4517,4524,4525,4526,4527,4528	87	101
1032	43	6	4523,4530,4531,4532,4533,4534	94	108
1033	43	6	4529,4536,4537,4538,4539,4540	101	115
1034	43	6	4535,4542,4543,4544,4545,4546	108	122
1035	43	6	4541,4548,4549,4550,4551,4552	115	129
1036	43	6	4547,4554,4555,4556,4557,4558	122	136
1037	43	6	4553,4560,4561,4562,4563,4564	129	143
1038	43	6	4559,4566,4567,4568,4569,4570	136	150
1039	43	6	4565,4572,4573,4574,4575,4576	143	157
1040	43	6	4571,4578,4579,4580,4581,4582	150	164
1041	43	6	4577,4584,4585,4586,4587,4588	157	171
1042	43	6	4583,4589,4590,4591,4592,4593	164	178
1043	44	6	4594,4595,4596,4597,4598,4599	3	24
1044	44	6	4601,4602,4603,4604,4605,4606	10	31
1045	44	6	4608,4609,4610,4611,4612,4613	17	38
1046	44	6	4600,4615,4616,4617,4618,4619	24	45
1047	44	6	4607,4621,4622,4623,4624,4625	31	52
1048	44	6	4614,4627,4628,4629,4630,4631	38	59
1049	44	6	4620,4633,4634,4635,4636,4637	45	66
1050	44	6	4626,4639,4640,4641,4642,4643	52	73
1051	44	6	4632,4645,4646,4647,4648,4649	59	80
1052	44	6	4638,4651,4652,4653,4654,4655	66	87
1053	44	6	4644,4657,4658,4659,4660,4661	73	94
1054	44	6	4650,4663,4664,4665,4666,4667	80	101
1055	44	6	4656,4669,4670,4671,4672,4673	87	108
1056	44	6	4662,4675,4676,4677,4678,4679	94	115
1057	44	6	4668,4681,4682,4683,4684,4685	101	122
1058	44	6	4674,4687,4688,4689,4690,4691	108	129
1059	44	6	4680,4693,4694,4695,4696,4697	115	136
1060	44	6	4686,4699,4700,4701,4702,4703	122	143
1061	44	6	4692,4705,4706,4707,4708,4709	129	150
1062	44	6	4698,4711,4712,4713,4714,4715	136	157
1063	44	6	4704,4717,4718,4719,4720,4721	143	164
1064	44	6	4710,4722,4723,4724,4725,4726	150	171
1065	44	6	4716,4727,4728,4729,4730,4731	157	178
1066	45	10	4732,4733,4734,4735,4736,4737,4738,4739,4740,4741	3	45
1067	45	10	4743,4744,4745,4746,4747,4748,4749,4750,4751,4752	10	52
1068	45	10	4754,4755,4756,4757,4758,4759,4760,4761,4762,4763	17	59
1069	45	10	4765,4766,4767,4768,4769,4770,4771,4772,4773,4774	24	66
1070	45	10	4776,4777,4778,4779,4780,4781,4782,4783,4784,4785	31	73
1071	45	10	4787,4788,4789,4790,4791,4792,4793,4794,4795,4796	38	80
1072	45	10	4742,4798,4799,4800,4801,4802,4803,4804,4805,4806	45	87
1073	45	10	4753,4808,4809,4810,4811,4812,4813,4814,4815,4816	52	94
1074	45	10	4764,4818,4819,4820,4821,4822,4823,4824,4825,4826	59	101
1075	45	10	4775,4828,4829,4830,4831,4832,4833,4834,4835,4836	66	108
1076	45	10	4786,4838,4839,4840,4841,4842,4843,4844,4845,4846	73	115
1077	45	10	4797,4848,4849,4850,4851,4852,4853,4854,4855,4856	80	122
1078	45	10	4807,4858,4859,4860,4861,4862,4863,4864,4865,4866	87	129
1079	45	10	4817,4868,4869,4870,4871,4872,4873,4874,4875,4876	94	136
1080	45	10	4827,4878,4879,4880,4881,4882,4883,4884,4885,4886	101	143
1081	45	10	4837,4887,4888,4889,4890,4891,4892,4893,4894,4895	108	150
1082	45	10	4847,4896,4897,4898,4899,4900,4901,4902,4903,4904	115	157
1083	45	10	4857,4905,4906,4907,4908,4909,4910,4911,4912,4913	122	164
1084	45	10	4867,4914,4915,4916,4917,4918,4919,4920,4921,4922	129	171
1085	45	10	4877,4923,4924,4925,4926,4927,4928,4929,4930,4931	136	178
1086	46	5	4932,4933,4934,4935,4936	3	24
1087	46	5	4938,4939,4940,4941,4942	10	31
1088	46	5	4944,4945,4946,4947,4948	17	38
1089	46	5	4937,4950,4951,4952,4953	24	45
1090	46	5	4943,4955,4956,4957,4958	31	52
1091	46	5	4949,4960,4961,4962,4963	38	59
1092	46	5	4954,4965,4966,4967,4968	45	66
1093	46	5	4959,4970,4971,4972,4973	52	73
1094	46	5	4964,4975,4976,4977,4978	59	80
1095	46	5	4969,4980,4981,4982,4983	66	87
1096	46	5	4974,4985,4986,4987,4988	73	94
1097	46	5	4979,4990,4991,4992,4993	80	101
1098	46	5	4984,4995,4996,4997,4998	87	108
1099	46	5	4989,5000,5001,5002,5003	94	115
1100	46	5	4994,5005,5006,5007,5008	101	122
1101	46	5	4999,5010,5011,5012,5013	108	129
1102	46	5	5004,5015,5016,5017,5018	115	136
1103	46	5	5009,5020,5021,5022,5023	122	143
1104	46	5	5014,5025,5026,5027,5028	129	150
1105	46	5	5019,5030,5031,5032,5033	136	157
1106	46	5	5024,5035,5036,5037,5038	143	164
1107	46	5	5029,5039,5040,5041,5042	150	171
1108	46	5	5034,5043,5044,5045,5046	157	178
1109	47	2	5047,5048	3	17
1110	47	2	5050,5051	10	24
1111	47	2	5049,5053	17	31
1112	47	2	5052,5055	24	38
1113	47	2	5054,5057	31	45
1114	47	2	5056,5059	38	52
1115	47	2	5058,5061	45	59
1116	47	2	5060,5063	52	66
1117	47	2	5062,5065	59	73
1118	47	2	5064,5067	66	80
1119	47	2	5066,5069	73	87
1120	47	2	5068,5071	80	94
1121	47	2	5070,5073	87	101
1122	47	2	5072,5075	94	108
1123	47	2	5074,5077	101	115
1124	47	2	5076,5079	108	122
1125	47	2	5078,5081	115	129
1126	47	2	5080,5083	122	136
1127	47	2	5082,5085	129	143
1128	47	2	5084,5087	136	150
1129	47	2	5086,5089	143	157
1130	47	2	5088,5091	150	164
1131	47	2	5090,5093	157	171
1132	47	2	5092,5094	164	178
1133	48	4	5095,5096,5097,5098	3	17
1134	48	4	5100,5101,5102,5103	10	24
1135	48	4	5099,5105,5106,5107	17	31
1136	48	4	5104,5109,5110,5111	24	38
1137	48	4	5108,5113,5114,5115	31	45
1138	48	4	5112,5117,5118,5119	38	52
1139	48	4	5116,5121,5122,5123	45	59
1140	48	4	5120,5125,5126,5127	52	66
1141	48	4	5124,5129,5130,5131	59	73
1142	48	4	5128,5133,5134,5135	66	80
1143	48	4	5132,5137,5138,5139	73	87
1144	48	4	5136,5141,5142,5143	80	94
1145	48	4	5140,5145,5146,5147	87	101
1146	48	4	5144,5149,5150,5151	94	108
1147	48	4	5148,5153,5154,5155	101	115
1148	48	4	5152,5157,5158,5159	108	122
1149	48	4	5156,5161,5162,5163	115	129
1150	48	4	5160,5165,5166,5167	122	136
1151	48	4	5164,5169,5170,5171	129	143
1152	48	4	5168,5173,5174,5175	136	150
1153	48	4	5172,5177,5178,5179	143	157
1154	48	4	5176,5181,5182,5183	150	164
1155	48	4	5180,5185,5186,5187	157	171
1156	48	4	5184,5188,5189,5190	164	178
1157	49	5	5191,5192,5193,5194,5195	3	17
1158	49	5	5197,5198,5199,5200,5201	10	24
1159	49	5	5196,5203,5204,5205,5206	17	31
1160	49	5	5202,5208,5209,5210,5211	24	38
1161	49	5	5207,5213,5214,5215,5216	31	45
1162	49	5	5212,5218,5219,5220,5221	38	52
1163	49	5	5217,5223,5224,5225,5226	45	59
1164	49	5	5222,5228,5229,5230,5231	52	66
1165	49	5	5227,5233,5234,5235,5236	59	73
1166	49	5	5232,5238,5239,5240,5241	66	80
1167	49	5	5237,5243,5244,5245,5246	73	87
1168	49	5	5242,5248,5249,5250,5251	80	94
1169	49	5	5247,5253,5254,5255,5256	87	101
1170	49	5	5252,5258,5259,5260,5261	94	108
1171	49	5	5257,5263,5264,5265,5266	101	115
1172	49	5	5262,5268,5269,5270,5271	108	122
1173	49	5	5267,5273,5274,5275,5276	115	129
1174	49	5	5272,5278,5279,5280,5281	122	136
1175	49	5	5277,5283,5284,5285,5286	129	143
1176	49	5	5282,5288,5289,5290,5291	136	150
1177	49	5	5287,5293,5294,5295,5296	143	157
1178	49	5	5292,5298,5299,5300,5301	150	164
1179	49	5	5297,5303,5304,5305,5306	157	171
1180	49	5	5302,5307,5308,5309,5310	164	178
1181	50	8	5311,5312,5313,5314,5315,5316,5317,5318	3	17
1182	50	8	5320,5321,5322,5323,5324,5325,5326,5327	10	24
1183	50	8	5319,5329,5330,5331,5332,5333,5334,5335	17	31
1184	50	8	5328,5337,5338,5339,5340,5341,5342,5343	24	38
1185	50	8	5336,5345,5346,5347,5348,5349,5350,5351	31	45
1186	50	8	5344,5353,5354,5355,5356,5357,5358,5359	38	52
1187	50	8	5352,5361,5362,5363,5364,5365,5366,5367	45	59
1188	50	8	5360,5369,5370,5371,5372,5373,5374,5375	52	66
1189	50	8	5368,5377,5378,5379,5380,5381,5382,5383	59	73
1190	50	8	5376,5385,5386,5387,5388,5389,5390,5391	66	80
1191	50	8	5384,5393,5394,5395,5396,5397,5398,5399	73	87
1192	50	8	5392,5401,5402,5403,5404,5405,5406,5407	80	94
1193	50	8	5400,5409,5410,5411,5412,5413,5414,5415	87	101
1194	50	8	5408,5417,5418,5419,5420,5421,5422,5423	94	108
1195	50	8	5416,5425,5426,5427,5428,5429,5430,5431	101	115
1196	50	8	5424,5433,5434,5435,5436,5437,5438,5439	108	122
1197	50	8	5432,5441,5442,5443,5444,5445,5446,5447	115	129
1198	50	8	5440,5449,5450,5451,5452,5453,5454,5455	122	136
1199	50	8	5448,5457,5458,5459,5460,5461,5462,5463	129	143
1200	50	8	5456,5465,5466,5467,5468,5469,5470,5471	136	150
1201	50	8	5464,5473,5474,5475,5476,5477,5478,5479	143	157
1202	50	8	5472,5481,5482,5483,5484,5485,5486,5487	150	164
1203	50	8	5480,5489,5490,5491,5492,5493,5494,5495	157	171
1204	50	8	5488,5496,5497,5498,5499,5500,5501,5502	164	178
1205	51	4	5503,5504,5505,5506	3	24
1206	51	4	5508,5509,5510,5511	10	31
1207	51	4	5513,5514,5515,5516	17	38
1208	51	4	5507,5518,5519,5520	24	45
1209	51	4	5512,5522,5523,5524	31	52
1210	51	4	5517,5526,5527,5528	38	59
1211	51	4	5521,5530,5531,5532	45	66
1212	51	4	5525,5534,5535,5536	52	73
1213	51	4	5529,5538,5539,5540	59	80
1214	51	4	5533,5542,5543,5544	66	87
1215	51	4	5537,5546,5547,5548	73	94
1216	51	4	5541,5550,5551,5552	80	101
1217	51	4	5545,5554,5555,5556	87	108
1218	51	4	5549,5558,5559,5560	94	115
1219	51	4	5553,5562,5563,5564	101	122
1220	51	4	5557,5566,5567,5568	108	129
1221	51	4	5561,5570,5571,5572	115	136
1222	51	4	5565,5574,5575,5576	122	143
1223	51	4	5569,5578,5579,5580	129	150
1224	51	4	5573,5582,5583,5584	136	157
1225	51	4	5577,5586,5587,5588	143	164
1226	51	4	5581,5589,5590,5591	150	171
1227	51	4	5585,5592,5593,5594	157	178
1228	52	6	5595,5596,5597,5598,5599,5600	3	17
1229	52	6	5602,5603,5604,5605,5606,5607	10	24
1230	52	6	5601,5609,5610,5611,5612,5613	17	31
1231	52	6	5608,5615,5616,5617,5618,5619	24	38
1232	52	6	5614,5621,5622,5623,5624,5625	31	45
1233	52	6	5620,5627,5628,5629,5630,5631	38	52
1234	52	6	5626,5633,5634,5635,5636,5637	45	59
1235	52	6	5632,5639,5640,5641,5642,5643	52	66
1236	52	6	5638,5645,5646,5647,5648,5649	59	73
1237	52	6	5644,5651,5652,5653,5654,5655	66	80
1238	52	6	5650,5657,5658,5659,5660,5661	73	87
1239	52	6	5656,5663,5664,5665,5666,5667	80	94
1240	52	6	5662,5669,5670,5671,5672,5673	87	101
1241	52	6	5668,5675,5676,5677,5678,5679	94	108
1242	52	6	5674,5681,5682,5683,5684,5685	101	115
1243	52	6	5680,5687,5688,5689,5690,5691	108	122
1244	52	6	5686,5693,5694,5695,5696,5697	115	129
1245	52	6	5692,5699,5700,5701,5702,5703	122	136
1246	52	6	5698,5705,5706,5707,5708,5709	129	143
1247	52	6	5704,5711,5712,5713,5714,5715	136	150
1248	52	6	5710,5717,5718,5719,5720,5721	143	157
1249	52	6	5716,5723,5724,5725,5726,5727	150	164
1250	52	6	5722,5729,5730,5731,5732,5733	157	171
1251	52	6	5728,5734,5735,5736,5737,5738	164	178
1252	53	1	5739	3	24
1253	53	1	5741	10	31
1254	53	1	5743	17	38
1255	53	1	5740	24	45
1256	53	1	5742	31	52
1257	53	1	5744	38	59
1258	53	1	5745	45	66
1259	53	1	5746	52	73
1260	53	1	5747	59	80
1261	53	1	5748	66	87
1262	53	1	5749	73	94
1263	53	1	5750	80	101
1264	53	1	5751	87	108
1265	53	1	5752	94	115
1266	53	1	5753	101	122
1267	53	1	5754	108	129
1268	53	1	5755	115	136
1269	53	1	5756	122	143
1270	53	1	5757	129	150
1271	53	1	5758	136	157
1272	53	1	5759	143	164
1273	53	1	5760	150	171
1274	53	1	5761	157	178
1275	54	4	5762,5763,5764,5765	3	17
1276	54	4	5767,5768,5769,5770	10	24
1277	54	4	5766,5772,5773,5774	17	31
1278	54	4	5771,5776,5777,5778	24	38
1279	54	4	5775,5780,5781,5782	31	45
1280	54	4	5779,5784,5785,5786	38	52
1281	54	4	5783,5788,5789,5790	45	59
1282	54	4	5787,5792,5793,5794	52	66
1283	54	4	5791,5796,5797,5798	59	73
1284	54	4	5795,5800,5801,5802	66	80
1285	54	4	5799,5804,5805,5806	73	87
1286	54	4	5803,5808,5809,5810	80	94
1287	54	4	5807,5812,5813,5814	87	101
1288	54	4	5811,5816,5817,5818	94	108
1289	54	4	5815,5820,5821,5822	101	115
1290	54	4	5819,5824,5825,5826	108	122
1291	54	4	5823,5828,5829,5830	115	129
1292	54	4	5827,5832,5833,5834	122	136
1293	54	4	5831,5836,5837,5838	129	143
1294	54	4	5835,5840,5841,5842	136	150
1295	54	4	5839,5844,5845,5846	143	157
1296	54	4	5843,5848,5849,5850	150	164
1297	54	4	5847,5852,5853,5854	157	171
1298	54	4	5851,5855,5856,5857	164	178
1299	55	5	5858,5859,5860,5861,5862	3	17
1300	55	5	5864,5865,5866,5867,5868	10	24
1301	55	5	5863,5870,5871,5872,5873	17	31
1302	55	5	5869,5875,5876,5877,5878	24	38
1303	55	5	5874,5880,5881,5882,5883	31	45
1304	55	5	5879,5885,5886,5887,5888	38	52
1305	55	5	5884,5890,5891,5892,5893	45	59
1306	55	5	5889,5895,5896,5897,5898	52	66
1307	55	5	5894,5900,5901,5902,5903	59	73
1308	55	5	5899,5905,5906,5907,5908	66	80
1309	55	5	5904,5910,5911,5912,5913	73	87
1310	55	5	5909,5915,5916,5917,5918	80	94
1311	55	5	5914,5920,5921,5922,5923	87	101
1312	55	5	5919,5925,5926,5927,5928	94	108
1313	55	5	5924,5930,5931,5932,5933	101	115
1314	55	5	5929,5935,5936,5937,5938	108	122
1315	55	5	5934,5940,5941,5942,5943	115	129
1316	55	5	5939,5945,5946,5947,5948	122	136
1317	55	5	5944,5950,5951,5952,5953	129	143
1318	55	5	5949,5955,5956,5957,5958	136	150
1319	55	5	5954,5960,5961,5962,5963	143	157
1320	55	5	5959,5965,5966,5967,5968	150	164
1321	55	5	5964,5970,5971,5972,5973	157	171
1322	55	5	5969,5974,5975,5976,5977	164	178
1323	56	2	5978,5979	3	17
1324	56	2	5981,5982	10	24
1325	56	2	5980,5984	17	31
1326	56	2	5983,5986	24	38
1327	56	2	5985,5988	31	45
1328	56	2	5987,5990	38	52
1329	56	2	5989,5992	45	59
1330	56	2	5991,5994	52	66
1331	56	2	5993,5996	59	73
1332	56	2	5995,5998	66	80
1333	56	2	5997,6000	73	87
1334	56	2	5999,6002	80	94
1335	56	2	6001,6004	87	101
1336	56	2	6003,6006	94	108
1337	56	2	6005,6008	101	115
1338	56	2	6007,6010	108	122
1339	56	2	6009,6012	115	129
1340	56	2	6011,6014	122	136
1341	56	2	6013,6016	129	143
1342	56	2	6015,6018	136	150
1343	56	2	6017,6020	143	157
1344	56	2	6019,6022	150	164
1345	56	2	6021,6024	157	171
1346	56	2	6023,6025	164	178
1347	57	3	6026,6027,6028	3	17
1348	57	3	6030,6031,6032	10	24
1349	57	3	6029,6034,6035	17	31
1350	57	3	6033,6037,6038	24	38
1351	57	3	6036,6040,6041	31	45
1352	57	3	6039,6043,6044	38	52
1353	57	3	6042,6046,6047	45	59
1354	57	3	6045,6049,6050	52	66
1355	57	3	6048,6052,6053	59	73
1356	57	3	6051,6055,6056	66	80
1357	57	3	6054,6058,6059	73	87
1358	57	3	6057,6061,6062	80	94
1359	57	3	6060,6064,6065	87	101
1360	57	3	6063,6067,6068	94	108
1361	57	3	6066,6070,6071	101	115
1362	57	3	6069,6073,6074	108	122
1363	57	3	6072,6076,6077	115	129
1364	57	3	6075,6079,6080	122	136
1365	57	3	6078,6082,6083	129	143
1366	57	3	6081,6085,6086	136	150
1367	57	3	6084,6088,6089	143	157
1368	57	3	6087,6091,6092	150	164
1369	57	3	6090,6094,6095	157	171
1370	57	3	6093,6096,6097	164	178
1371	58	4	6098,6099,6100,6101	3	17
1372	58	4	6103,6104,6105,6106	10	24
1373	58	4	6102,6108,6109,6110	17	31
1374	58	4	6107,6112,6113,6114	24	38
1375	58	4	6111,6116,6117,6118	31	45
1376	58	4	6115,6120,6121,6122	38	52
1377	58	4	6119,6124,6125,6126	45	59
1378	58	4	6123,6128,6129,6130	52	66
1379	58	4	6127,6132,6133,6134	59	73
1380	58	4	6131,6136,6137,6138	66	80
1381	58	4	6135,6140,6141,6142	73	87
1382	58	4	6139,6144,6145,6146	80	94
1383	58	4	6143,6148,6149,6150	87	101
1384	58	4	6147,6152,6153,6154	94	108
1385	58	4	6151,6156,6157,6158	101	115
1386	58	4	6155,6160,6161,6162	108	122
1387	58	4	6159,6164,6165,6166	115	129
1388	58	4	6163,6168,6169,6170	122	136
1389	58	4	6167,6172,6173,6174	129	143
1390	58	4	6171,6176,6177,6178	136	150
1391	58	4	6175,6180,6181,6182	143	157
1392	58	4	6179,6184,6185,6186	150	164
1393	58	4	6183,6188,6189,6190	157	171
1394	58	4	6187,6191,6192,6193	164	178
1395	59	4	6194,6195,6196,6197	3	17
1396	59	4	6199,6200,6201,6202	10	24
1397	59	4	6198,6204,6205,6206	17	31
1398	59	4	6203,6208,6209,6210	24	38
1399	59	4	6207,6212,6213,6214	31	45
1400	59	4	6211,6216,6217,6218	38	52
1401	59	4	6215,6220,6221,6222	45	59
1402	59	4	6219,6224,6225,6226	52	66
1403	59	4	6223,6228,6229,6230	59	73
1404	59	4	6227,6232,6233,6234	66	80
1405	59	4	6231,6236,6237,6238	73	87
1406	59	4	6235,6240,6241,6242	80	94
1407	59	4	6239,6244,6245,6246	87	101
1408	59	4	6243,6248,6249,6250	94	108
1409	59	4	6247,6252,6253,6254	101	115
1410	59	4	6251,6256,6257,6258	108	122
1411	59	4	6255,6260,6261,6262	115	129
1412	59	4	6259,6264,6265,6266	122	136
1413	59	4	6263,6268,6269,6270	129	143
1414	59	4	6267,6272,6273,6274	136	150
1415	59	4	6271,6276,6277,6278	143	157
1416	59	4	6275,6280,6281,6282	150	164
1417	59	4	6279,6284,6285,6286	157	171
1418	59	4	6283,6287,6288,6289	164	178
1419	60	5	6290,6291,6292,6293,6294	3	17
1420	60	5	6296,6297,6298,6299,6300	10	24
1421	60	5	6295,6302,6303,6304,6305	17	31
1422	60	5	6301,6307,6308,6309,6310	24	38
1423	60	5	6306,6312,6313,6314,6315	31	45
1424	60	5	6311,6317,6318,6319,6320	38	52
1425	60	5	6316,6322,6323,6324,6325	45	59
1426	60	5	6321,6327,6328,6329,6330	52	66
1427	60	5	6326,6332,6333,6334,6335	59	73
1428	60	5	6331,6337,6338,6339,6340	66	80
1429	60	5	6336,6342,6343,6344,6345	73	87
1430	60	5	6341,6347,6348,6349,6350	80	94
1431	60	5	6346,6352,6353,6354,6355	87	101
1432	60	5	6351,6357,6358,6359,6360	94	108
1433	60	5	6356,6362,6363,6364,6365	101	115
1434	60	5	6361,6367,6368,6369,6370	108	122
1435	60	5	6366,6372,6373,6374,6375	115	129
1436	60	5	6371,6377,6378,6379,6380	122	136
1437	60	5	6376,6382,6383,6384,6385	129	143
1438	60	5	6381,6387,6388,6389,6390	136	150
1439	60	5	6386,6392,6393,6394,6395	143	157
1440	60	5	6391,6397,6398,6399,6400	150	164
1441	60	5	6396,6402,6403,6404,6405	157	171
1442	60	5	6401,6406,6407,6408,6409	164	178
1443	61	8	6410,6411,6412,6413,6414,6415,6416,6417	3	17
1444	61	8	6419,6420,6421,6422,6423,6424,6425,6426	10	24
1445	61	8	6418,6428,6429,6430,6431,6432,6433,6434	17	31
1446	61	8	6427,6436,6437,6438,6439,6440,6441,6442	24	38
1447	61	8	6435,6444,6445,6446,6447,6448,6449,6450	31	45
1448	61	8	6443,6452,6453,6454,6455,6456,6457,6458	38	52
1449	61	8	6451,6460,6461,6462,6463,6464,6465,6466	45	59
1450	61	8	6459,6468,6469,6470,6471,6472,6473,6474	52	66
1451	61	8	6467,6476,6477,6478,6479,6480,6481,6482	59	73
1452	61	8	6475,6484,6485,6486,6487,6488,6489,6490	66	80
1453	61	8	6483,6492,6493,6494,6495,6496,6497,6498	73	87
1454	61	8	6491,6500,6501,6502,6503,6504,6505,6506	80	94
1455	61	8	6499,6508,6509,6510,6511,6512,6513,6514	87	101
1456	61	8	6507,6516,6517,6518,6519,6520,6521,6522	94	108
1457	61	8	6515,6524,6525,6526,6527,6528,6529,6530	101	115
1458	61	8	6523,6532,6533,6534,6535,6536,6537,6538	108	122
1459	61	8	6531,6540,6541,6542,6543,6544,6545,6546	115	129
1460	61	8	6539,6548,6549,6550,6551,6552,6553,6554	122	136
1461	61	8	6547,6556,6557,6558,6559,6560,6561,6562	129	143
1462	61	8	6555,6564,6565,6566,6567,6568,6569,6570	136	150
1463	61	8	6563,6572,6573,6574,6575,6576,6577,6578	143	157
1464	61	8	6571,6580,6581,6582,6583,6584,6585,6586	150	164
1465	61	8	6579,6588,6589,6590,6591,6592,6593,6594	157	171
1466	61	8	6587,6595,6596,6597,6598,6599,6600,6601	164	178
1467	62	4	6602,6603,6604,6605	3	24
1468	62	4	6607,6608,6609,6610	10	31
1469	62	4	6612,6613,6614,6615	17	38
1470	62	4	6606,6617,6618,6619	24	45
1471	62	4	6611,6621,6622,6623	31	52
1472	62	4	6616,6625,6626,6627	38	59
1473	62	4	6620,6629,6630,6631	45	66
1474	62	4	6624,6633,6634,6635	52	73
1475	62	4	6628,6637,6638,6639	59	80
1476	62	4	6632,6641,6642,6643	66	87
1477	62	4	6636,6645,6646,6647	73	94
1478	62	4	6640,6649,6650,6651	80	101
1479	62	4	6644,6653,6654,6655	87	108
1480	62	4	6648,6657,6658,6659	94	115
1481	62	4	6652,6661,6662,6663	101	122
1482	62	4	6656,6665,6666,6667	108	129
1483	62	4	6660,6669,6670,6671	115	136
1484	62	4	6664,6673,6674,6675	122	143
1485	62	4	6668,6677,6678,6679	129	150
1486	62	4	6672,6681,6682,6683	136	157
1487	62	4	6676,6685,6686,6687	143	164
1488	62	4	6680,6688,6689,6690	150	171
1489	62	4	6684,6691,6692,6693	157	178
1490	63	6	6694,6695,6696,6697,6698,6699	3	17
1491	63	6	6701,6702,6703,6704,6705,6706	10	24
1492	63	6	6700,6708,6709,6710,6711,6712	17	31
1493	63	6	6707,6714,6715,6716,6717,6718	24	38
1494	63	6	6713,6720,6721,6722,6723,6724	31	45
1495	63	6	6719,6726,6727,6728,6729,6730	38	52
1496	63	6	6725,6732,6733,6734,6735,6736	45	59
1497	63	6	6731,6738,6739,6740,6741,6742	52	66
1498	63	6	6737,6744,6745,6746,6747,6748	59	73
1499	63	6	6743,6750,6751,6752,6753,6754	66	80
1500	63	6	6749,6756,6757,6758,6759,6760	73	87
1501	63	6	6755,6762,6763,6764,6765,6766	80	94
1502	63	6	6761,6768,6769,6770,6771,6772	87	101
1503	63	6	6767,6774,6775,6776,6777,6778	94	108
1504	63	6	6773,6780,6781,6782,6783,6784	101	115
1505	63	6	6779,6786,6787,6788,6789,6790	108	122
1506	63	6	6785,6792,6793,6794,6795,6796	115	129
1507	63	6	6791,6798,6799,6800,6801,6802	122	136
1508	63	6	6797,6804,6805,6806,6807,6808	129	143
1509	63	6	6803,6810,6811,6812,6813,6814	136	150
1510	63	6	6809,6816,6817,6818,6819,6820	143	157
1511	63	6	6815,6822,6823,6824,6825,6826	150	164
1512	63	6	6821,6828,6829,6830,6831,6832	157	171
1513	63	6	6827,6833,6834,6835,6836,6837	164	178
1514	64	2	6838,6839	3	17
1515	64	2	6841,6842	10	24
1516	64	2	6840,6844	17	31
1517	64	2	6843,6846	24	38
1518	64	2	6845,6848	31	45
1519	64	2	6847,6850	38	52
1520	64	2	6849,6852	45	59
1521	64	2	6851,6854	52	66
1522	64	2	6853,6856	59	73
1523	64	2	6855,6858	66	80
1524	64	2	6857,6860	73	87
1525	64	2	6859,6862	80	94
1526	64	2	6861,6864	87	101
1527	64	2	6863,6866	94	108
1528	64	2	6865,6868	101	115
1529	64	2	6867,6870	108	122
1530	64	2	6869,6872	115	129
1531	64	2	6871,6874	122	136
1532	64	2	6873,6876	129	143
1533	64	2	6875,6878	136	150
1534	64	2	6877,6880	143	157
1535	64	2	6879,6882	150	164
1536	64	2	6881,6884	157	171
1537	64	2	6883,6885	164	178
1538	65	5	6886,6887,6888,6889,6890	3	17
1539	65	5	6892,6893,6894,6895,6896	10	24
1540	65	5	6891,6898,6899,6900,6901	17	31
1541	65	5	6897,6903,6904,6905,6906	24	38
1542	65	5	6902,6908,6909,6910,6911	31	45
1543	65	5	6907,6913,6914,6915,6916	38	52
1544	65	5	6912,6918,6919,6920,6921	45	59
1545	65	5	6917,6923,6924,6925,6926	52	66
1546	65	5	6922,6928,6929,6930,6931	59	73
1547	65	5	6927,6933,6934,6935,6936	66	80
1548	65	5	6932,6938,6939,6940,6941	73	87
1549	65	5	6937,6943,6944,6945,6946	80	94
1550	65	5	6942,6948,6949,6950,6951	87	101
1551	65	5	6947,6953,6954,6955,6956	94	108
1552	65	5	6952,6958,6959,6960,6961	101	115
1553	65	5	6957,6963,6964,6965,6966	108	122
1554	65	5	6962,6968,6969,6970,6971	115	129
1555	65	5	6967,6973,6974,6975,6976	122	136
1556	65	5	6972,6978,6979,6980,6981	129	143
1557	65	5	6977,6983,6984,6985,6986	136	150
1558	65	5	6982,6988,6989,6990,6991	143	157
1559	65	5	6987,6993,6994,6995,6996	150	164
1560	65	5	6992,6998,6999,7000,7001	157	171
1561	65	5	6997,7002,7003,7004,7005	164	178
1562	66	8	7006,7007,7008,7009,7010,7011,7012,7013	3	24
1563	66	8	7015,7016,7017,7018,7019,7020,7021,7022	10	31
1564	66	8	7024,7025,7026,7027,7028,7029,7030,7031	17	38
1565	66	8	7014,7033,7034,7035,7036,7037,7038,7039	24	45
1566	66	8	7023,7041,7042,7043,7044,7045,7046,7047	31	52
1567	66	8	7032,7049,7050,7051,7052,7053,7054,7055	38	59
1568	66	8	7040,7057,7058,7059,7060,7061,7062,7063	45	66
1569	66	8	7048,7065,7066,7067,7068,7069,7070,7071	52	73
1570	66	8	7056,7073,7074,7075,7076,7077,7078,7079	59	80
1571	66	8	7064,7081,7082,7083,7084,7085,7086,7087	66	87
1572	66	8	7072,7089,7090,7091,7092,7093,7094,7095	73	94
1573	66	8	7080,7097,7098,7099,7100,7101,7102,7103	80	101
1574	66	8	7088,7105,7106,7107,7108,7109,7110,7111	87	108
1575	66	8	7096,7113,7114,7115,7116,7117,7118,7119	94	115
1576	66	8	7104,7121,7122,7123,7124,7125,7126,7127	101	122
1577	66	8	7112,7129,7130,7131,7132,7133,7134,7135	108	129
1578	66	8	7120,7137,7138,7139,7140,7141,7142,7143	115	136
1579	66	8	7128,7145,7146,7147,7148,7149,7150,7151	122	143
1580	66	8	7136,7153,7154,7155,7156,7157,7158,7159	129	150
1581	66	8	7144,7161,7162,7163,7164,7165,7166,7167	136	157
1582	66	8	7152,7169,7170,7171,7172,7173,7174,7175	143	164
1583	66	8	7160,7176,7177,7178,7179,7180,7181,7182	150	171
1584	66	8	7168,7183,7184,7185,7186,7187,7188,7189	157	178
1585	67	5	7190,7191,7192,7193,7194	3	24
1586	67	5	7196,7197,7198,7199,7200	10	31
1587	67	5	7202,7203,7204,7205,7206	17	38
1588	67	5	7195,7208,7209,7210,7211	24	45
1589	67	5	7201,7213,7214,7215,7216	31	52
1590	67	5	7207,7218,7219,7220,7221	38	59
1591	67	5	7212,7223,7224,7225,7226	45	66
1592	67	5	7217,7228,7229,7230,7231	52	73
1593	67	5	7222,7233,7234,7235,7236	59	80
1594	67	5	7227,7238,7239,7240,7241	66	87
1595	67	5	7232,7243,7244,7245,7246	73	94
1596	67	5	7237,7248,7249,7250,7251	80	101
1597	67	5	7242,7253,7254,7255,7256	87	108
1598	67	5	7247,7258,7259,7260,7261	94	115
1599	67	5	7252,7263,7264,7265,7266	101	122
1600	67	5	7257,7268,7269,7270,7271	108	129
1601	67	5	7262,7273,7274,7275,7276	115	136
1602	67	5	7267,7278,7279,7280,7281	122	143
1603	67	5	7272,7283,7284,7285,7286	129	150
1604	67	5	7277,7288,7289,7290,7291	136	157
1605	67	5	7282,7293,7294,7295,7296	143	164
1606	67	5	7287,7297,7298,7299,7300	150	171
1607	67	5	7292,7301,7302,7303,7304	157	178
1608	68	2	7305,7306	3	10
1609	68	2	7307,7308	10	17
1610	68	2	7309,7310	17	24
1611	68	2	7311,7312	24	31
1612	68	2	7313,7314	31	38
1613	68	2	7315,7316	38	45
1614	68	2	7317,7318	45	52
1615	68	2	7319,7320	52	59
1616	68	2	7321,7322	59	66
1617	68	2	7323,7324	66	73
1618	68	2	7325,7326	73	80
1619	68	2	7327,7328	80	87
1620	68	2	7329,7330	87	94
1621	68	2	7331,7332	94	101
1622	68	2	7333,7334	101	108
1623	68	2	7335,7336	108	115
1624	68	2	7337,7338	115	122
1625	68	2	7339,7340	122	129
1626	68	2	7341,7342	129	136
1627	68	2	7343,7344	136	143
1628	68	2	7345,7346	143	150
1629	68	2	7347,7348	150	157
1630	68	2	7349,7350	157	164
1631	68	2	7351,7352	164	171
1632	68	2	7353,7354	171	178
1633	69	2	7355,7356	3	10
1634	69	2	7357,7358	10	17
1635	69	2	7359,7360	17	24
1636	69	2	7361,7362	24	31
1637	69	2	7363,7364	31	38
1638	69	2	7365,7366	38	45
1639	69	2	7367,7368	45	52
1640	69	2	7369,7370	52	59
1641	69	2	7371,7372	59	66
1642	69	2	7373,7374	66	73
1643	69	2	7375,7376	73	80
1644	69	2	7377,7378	80	87
1645	69	2	7379,7380	87	94
1646	69	2	7381,7382	94	101
1647	69	2	7383,7384	101	108
1648	69	2	7385,7386	108	115
1649	69	2	7387,7388	115	122
1650	69	2	7389,7390	122	129
1651	69	2	7391,7392	129	136
1652	69	2	7393,7394	136	143
1653	69	2	7395,7396	143	150
1654	69	2	7397,7398	150	157
1655	69	2	7399,7400	157	164
1656	69	2	7401,7402	164	171
1657	69	2	7403,7404	171	178
1658	70	7	7405,7406,7407,7408,7409,7410,7411	3	17
1659	70	7	7413,7414,7415,7416,7417,7418,7419	10	24
1660	70	7	7412,7421,7422,7423,7424,7425,7426	17	31
1661	70	7	7420,7428,7429,7430,7431,7432,7433	24	38
1662	70	7	7427,7435,7436,7437,7438,7439,7440	31	45
1663	70	7	7434,7442,7443,7444,7445,7446,7447	38	52
1664	70	7	7441,7449,7450,7451,7452,7453,7454	45	59
1665	70	7	7448,7456,7457,7458,7459,7460,7461	52	66
1666	70	7	7455,7463,7464,7465,7466,7467,7468	59	73
1667	70	7	7462,7470,7471,7472,7473,7474,7475	66	80
1668	70	7	7469,7477,7478,7479,7480,7481,7482	73	87
1669	70	7	7476,7484,7485,7486,7487,7488,7489	80	94
1670	70	7	7483,7491,7492,7493,7494,7495,7496	87	101
1671	70	7	7490,7498,7499,7500,7501,7502,7503	94	108
1672	70	7	7497,7505,7506,7507,7508,7509,7510	101	115
1673	70	7	7504,7512,7513,7514,7515,7516,7517	108	122
1674	70	7	7511,7519,7520,7521,7522,7523,7524	115	129
1675	70	7	7518,7526,7527,7528,7529,7530,7531	122	136
1676	70	7	7525,7533,7534,7535,7536,7537,7538	129	143
1677	70	7	7532,7540,7541,7542,7543,7544,7545	136	150
1678	70	7	7539,7547,7548,7549,7550,7551,7552	143	157
1679	70	7	7546,7554,7555,7556,7557,7558,7559	150	164
1680	70	7	7553,7561,7562,7563,7564,7565,7566	157	171
1681	70	7	7560,7567,7568,7569,7570,7571,7572	164	178
1682	71	2	7573,7574	3	10
1683	71	2	7575,7576	10	17
1684	71	2	7577,7578	17	24
1685	71	2	7579,7580	24	31
1686	71	2	7581,7582	31	38
1687	71	2	7583,7584	38	45
1688	71	2	7585,7586	45	52
1689	71	2	7587,7588	52	59
1690	71	2	7589,7590	59	66
1691	71	2	7591,7592	66	73
1692	71	2	7593,7594	73	80
1693	71	2	7595,7596	80	87
1694	71	2	7597,7598	87	94
1695	71	2	7599,7600	94	101
1696	71	2	7601,7602	101	108
1697	71	2	7603,7604	108	115
1698	71	2	7605,7606	115	122
1699	71	2	7607,7608	122	129
1700	71	2	7609,7610	129	136
1701	71	2	7611,7612	136	143
1702	71	2	7613,7614	143	150
1703	71	2	7615,7616	150	157
1704	71	2	7617,7618	157	164
1705	71	2	7619,7620	164	171
1706	71	2	7621,7622	171	178
1707	72	5	7623,7624,7625,7626,7627	3	31
1708	72	5	7629,7630,7631,7632,7633	10	38
1709	72	5	7635,7636,7637,7638,7639	17	45
1710	72	5	7641,7642,7643,7644,7645	24	52
1711	72	5	7628,7647,7648,7649,7650	31	59
1712	72	5	7634,7652,7653,7654,7655	38	66
1713	72	5	7640,7657,7658,7659,7660	45	73
1714	72	5	7646,7662,7663,7664,7665	52	80
1715	72	5	7651,7667,7668,7669,7670	59	87
1716	72	5	7656,7672,7673,7674,7675	66	94
1717	72	5	7661,7677,7678,7679,7680	73	101
1718	72	5	7666,7682,7683,7684,7685	80	108
1719	72	5	7671,7687,7688,7689,7690	87	115
1720	72	5	7676,7692,7693,7694,7695	94	122
1721	72	5	7681,7697,7698,7699,7700	101	129
1722	72	5	7686,7702,7703,7704,7705	108	136
1723	72	5	7691,7707,7708,7709,7710	115	143
1724	72	5	7696,7712,7713,7714,7715	122	150
1725	72	5	7701,7717,7718,7719,7720	129	157
1726	72	5	7706,7721,7722,7723,7724	136	164
1727	72	5	7711,7725,7726,7727,7728	143	171
1728	72	5	7716,7729,7730,7731,7732	150	178
1729	73	8	7733,7734,7735,7736,7737,7738,7739,7740	3	24
1730	73	8	7742,7743,7744,7745,7746,7747,7748,7749	10	31
1731	73	8	7751,7752,7753,7754,7755,7756,7757,7758	17	38
1732	73	8	7741,7760,7761,7762,7763,7764,7765,7766	24	45
1733	73	8	7750,7768,7769,7770,7771,7772,7773,7774	31	52
1734	73	8	7759,7776,7777,7778,7779,7780,7781,7782	38	59
1735	73	8	7767,7784,7785,7786,7787,7788,7789,7790	45	66
1736	73	8	7775,7792,7793,7794,7795,7796,7797,7798	52	73
1737	73	8	7783,7800,7801,7802,7803,7804,7805,7806	59	80
1738	73	8	7791,7808,7809,7810,7811,7812,7813,7814	66	87
1739	73	8	7799,7816,7817,7818,7819,7820,7821,7822	73	94
1740	73	8	7807,7824,7825,7826,7827,7828,7829,7830	80	101
1741	73	8	7815,7832,7833,7834,7835,7836,7837,7838	87	108
1742	73	8	7823,7840,7841,7842,7843,7844,7845,7846	94	115
1743	73	8	7831,7848,7849,7850,7851,7852,7853,7854	101	122
1744	73	8	7839,7856,7857,7858,7859,7860,7861,7862	108	129
1745	73	8	7847,7864,7865,7866,7867,7868,7869,7870	115	136
1746	73	8	7855,7872,7873,7874,7875,7876,7877,7878	122	143
1747	73	8	7863,7880,7881,7882,7883,7884,7885,7886	129	150
1748	73	8	7871,7888,7889,7890,7891,7892,7893,7894	136	157
1749	73	8	7879,7896,7897,7898,7899,7900,7901,7902	143	164
1750	73	8	7887,7903,7904,7905,7906,7907,7908,7909	150	171
1751	73	8	7895,7910,7911,7912,7913,7914,7915,7916	157	178
1752	74	3	7917,7918,7919	3	10
1753	74	3	7920,7921,7922	10	17
1754	74	3	7923,7924,7925	17	24
1755	74	3	7926,7927,7928	24	31
1756	74	3	7929,7930,7931	31	38
1757	74	3	7932,7933,7934	38	45
1758	74	3	7935,7936,7937	45	52
1759	74	3	7938,7939,7940	52	59
1760	74	3	7941,7942,7943	59	66
1761	74	3	7944,7945,7946	66	73
1762	74	3	7947,7948,7949	73	80
1763	74	3	7950,7951,7952	80	87
1764	74	3	7953,7954,7955	87	94
1765	74	3	7956,7957,7958	94	101
1766	74	3	7959,7960,7961	101	108
1767	74	3	7962,7963,7964	108	115
1768	74	3	7965,7966,7967	115	122
1769	74	3	7968,7969,7970	122	129
1770	74	3	7971,7972,7973	129	136
1771	74	3	7974,7975,7976	136	143
1772	74	3	7977,7978,7979	143	150
1773	74	3	7980,7981,7982	150	157
1774	74	3	7983,7984,7985	157	164
1775	74	3	7986,7987,7988	164	171
1776	74	3	7989,7990,7991	171	178
1777	75	3	7992,7993,7994	3	10
1778	75	3	7995,7996,7997	10	17
1779	75	3	7998,7999,8000	17	24
1780	75	3	8001,8002,8003	24	31
1781	75	3	8004,8005,8006	31	38
1782	75	3	8007,8008,8009	38	45
1783	75	3	8010,8011,8012	45	52
1784	75	3	8013,8014,8015	52	59
1785	75	3	8016,8017,8018	59	66
1786	75	3	8019,8020,8021	66	73
1787	75	3	8022,8023,8024	73	80
1788	75	3	8025,8026,8027	80	87
1789	75	3	8028,8029,8030	87	94
1790	75	3	8031,8032,8033	94	101
1791	75	3	8034,8035,8036	101	108
1792	75	3	8037,8038,8039	108	115
1793	75	3	8040,8041,8042	115	122
1794	75	3	8043,8044,8045	122	129
1795	75	3	8046,8047,8048	129	136
1796	75	3	8049,8050,8051	136	143
1797	75	3	8052,8053,8054	143	150
1798	75	3	8055,8056,8057	150	157
1799	75	3	8058,8059,8060	157	164
1800	75	3	8061,8062,8063	164	171
1801	75	3	8064,8065,8066	171	178
1802	76	5	8067,8068,8069,8070,8071	3	17
1803	76	5	8073,8074,8075,8076,8077	10	24
1804	76	5	8072,8079,8080,8081,8082	17	31
1805	76	5	8078,8084,8085,8086,8087	24	38
1806	76	5	8083,8089,8090,8091,8092	31	45
1807	76	5	8088,8094,8095,8096,8097	38	52
1808	76	5	8093,8099,8100,8101,8102	45	59
1809	76	5	8098,8104,8105,8106,8107	52	66
1810	76	5	8103,8109,8110,8111,8112	59	73
1811	76	5	8108,8114,8115,8116,8117	66	80
1812	76	5	8113,8119,8120,8121,8122	73	87
1813	76	5	8118,8124,8125,8126,8127	80	94
1814	76	5	8123,8129,8130,8131,8132	87	101
1815	76	5	8128,8134,8135,8136,8137	94	108
1816	76	5	8133,8139,8140,8141,8142	101	115
1817	76	5	8138,8144,8145,8146,8147	108	122
1818	76	5	8143,8149,8150,8151,8152	115	129
1819	76	5	8148,8154,8155,8156,8157	122	136
1820	76	5	8153,8159,8160,8161,8162	129	143
1821	76	5	8158,8164,8165,8166,8167	136	150
1822	76	5	8163,8169,8170,8171,8172	143	157
1823	76	5	8168,8174,8175,8176,8177	150	164
1824	76	5	8173,8179,8180,8181,8182	157	171
1825	76	5	8178,8183,8184,8185,8186	164	178
1826	77	12	8187,8188,8189,8190,8191,8192,8193,8194,8195,8196,8197,8198	3	24
1827	77	12	8200,8201,8202,8203,8204,8205,8206,8207,8208,8209,8210,8211	10	31
1828	77	12	8213,8214,8215,8216,8217,8218,8219,8220,8221,8222,8223,8224	17	38
1829	77	12	8199,8226,8227,8228,8229,8230,8231,8232,8233,8234,8235,8236	24	45
1830	77	12	8212,8238,8239,8240,8241,8242,8243,8244,8245,8246,8247,8248	31	52
1831	77	12	8225,8250,8251,8252,8253,8254,8255,8256,8257,8258,8259,8260	38	59
1832	77	12	8237,8262,8263,8264,8265,8266,8267,8268,8269,8270,8271,8272	45	66
1833	77	12	8249,8274,8275,8276,8277,8278,8279,8280,8281,8282,8283,8284	52	73
1834	77	12	8261,8286,8287,8288,8289,8290,8291,8292,8293,8294,8295,8296	59	80
1835	77	12	8273,8298,8299,8300,8301,8302,8303,8304,8305,8306,8307,8308	66	87
1836	77	12	8285,8310,8311,8312,8313,8314,8315,8316,8317,8318,8319,8320	73	94
1837	77	12	8297,8322,8323,8324,8325,8326,8327,8328,8329,8330,8331,8332	80	101
1838	77	12	8309,8334,8335,8336,8337,8338,8339,8340,8341,8342,8343,8344	87	108
1839	77	12	8321,8346,8347,8348,8349,8350,8351,8352,8353,8354,8355,8356	94	115
1840	77	12	8333,8358,8359,8360,8361,8362,8363,8364,8365,8366,8367,8368	101	122
1841	77	12	8345,8370,8371,8372,8373,8374,8375,8376,8377,8378,8379,8380	108	129
1842	77	12	8357,8382,8383,8384,8385,8386,8387,8388,8389,8390,8391,8392	115	136
1843	77	12	8369,8394,8395,8396,8397,8398,8399,8400,8401,8402,8403,8404	122	143
1844	77	12	8381,8406,8407,8408,8409,8410,8411,8412,8413,8414,8415,8416	129	150
1845	77	12	8393,8418,8419,8420,8421,8422,8423,8424,8425,8426,8427,8428	136	157
1846	77	12	8405,8430,8431,8432,8433,8434,8435,8436,8437,8438,8439,8440	143	164
1847	77	12	8417,8441,8442,8443,8444,8445,8446,8447,8448,8449,8450,8451	150	171
1848	77	12	8429,8452,8453,8454,8455,8456,8457,8458,8459,8460,8461,8462	157	178
1849	78	6	8463,8464,8465,8466,8467,8468	3	24
1850	78	6	8470,8471,8472,8473,8474,8475	10	31
1851	78	6	8477,8478,8479,8480,8481,8482	17	38
1852	78	6	8469,8484,8485,8486,8487,8488	24	45
1853	78	6	8476,8490,8491,8492,8493,8494	31	52
1854	78	6	8483,8496,8497,8498,8499,8500	38	59
1855	78	6	8489,8502,8503,8504,8505,8506	45	66
1856	78	6	8495,8508,8509,8510,8511,8512	52	73
1857	78	6	8501,8514,8515,8516,8517,8518	59	80
1858	78	6	8507,8520,8521,8522,8523,8524	66	87
1859	78	6	8513,8526,8527,8528,8529,8530	73	94
1860	78	6	8519,8532,8533,8534,8535,8536	80	101
1861	78	6	8525,8538,8539,8540,8541,8542	87	108
1862	78	6	8531,8544,8545,8546,8547,8548	94	115
1863	78	6	8537,8550,8551,8552,8553,8554	101	122
1864	78	6	8543,8556,8557,8558,8559,8560	108	129
1865	78	6	8549,8562,8563,8564,8565,8566	115	136
1866	78	6	8555,8568,8569,8570,8571,8572	122	143
1867	78	6	8561,8574,8575,8576,8577,8578	129	150
1868	78	6	8567,8580,8581,8582,8583,8584	136	157
1869	78	6	8573,8586,8587,8588,8589,8590	143	164
1870	78	6	8579,8591,8592,8593,8594,8595	150	171
1871	78	6	8585,8596,8597,8598,8599,8600	157	178
1872	79	8	8601,8602,8603,8604,8605,8606,8607,8608	3	24
1873	79	8	8610,8611,8612,8613,8614,8615,8616,8617	10	31
1874	79	8	8619,8620,8621,8622,8623,8624,8625,8626	17	38
1875	79	8	8609,8628,8629,8630,8631,8632,8633,8634	24	45
1876	79	8	8618,8636,8637,8638,8639,8640,8641,8642	31	52
1877	79	8	8627,8644,8645,8646,8647,8648,8649,8650	38	59
1878	79	8	8635,8652,8653,8654,8655,8656,8657,8658	45	66
1879	79	8	8643,8660,8661,8662,8663,8664,8665,8666	52	73
1880	79	8	8651,8668,8669,8670,8671,8672,8673,8674	59	80
1881	79	8	8659,8676,8677,8678,8679,8680,8681,8682	66	87
1882	79	8	8667,8684,8685,8686,8687,8688,8689,8690	73	94
1883	79	8	8675,8692,8693,8694,8695,8696,8697,8698	80	101
1884	79	8	8683,8700,8701,8702,8703,8704,8705,8706	87	108
1885	79	8	8691,8708,8709,8710,8711,8712,8713,8714	94	115
1886	79	8	8699,8716,8717,8718,8719,8720,8721,8722	101	122
1887	79	8	8707,8724,8725,8726,8727,8728,8729,8730	108	129
1888	79	8	8715,8732,8733,8734,8735,8736,8737,8738	115	136
1889	79	8	8723,8740,8741,8742,8743,8744,8745,8746	122	143
1890	79	8	8731,8748,8749,8750,8751,8752,8753,8754	129	150
1891	79	8	8739,8756,8757,8758,8759,8760,8761,8762	136	157
1892	79	8	8747,8764,8765,8766,8767,8768,8769,8770	143	164
1893	79	8	8755,8771,8772,8773,8774,8775,8776,8777	150	171
1894	79	8	8763,8778,8779,8780,8781,8782,8783,8784	157	178
1895	80	5	8785,8786,8787,8788,8789	3	10
1896	80	5	8790,8791,8792,8793,8794	10	17
1897	80	5	8795,8796,8797,8798,8799	17	24
1898	80	5	8800,8801,8802,8803,8804	24	31
1899	80	5	8805,8806,8807,8808,8809	31	38
1900	80	5	8810,8811,8812,8813,8814	38	45
1901	80	5	8815,8816,8817,8818,8819	45	52
1902	80	5	8820,8821,8822,8823,8824	52	59
1903	80	5	8825,8826,8827,8828,8829	59	66
1904	80	5	8830,8831,8832,8833,8834	66	73
1905	80	5	8835,8836,8837,8838,8839	73	80
1906	80	5	8840,8841,8842,8843,8844	80	87
1907	80	5	8845,8846,8847,8848,8849	87	94
1908	80	5	8850,8851,8852,8853,8854	94	101
1909	80	5	8855,8856,8857,8858,8859	101	108
1910	80	5	8860,8861,8862,8863,8864	108	115
1911	80	5	8865,8866,8867,8868,8869	115	122
1912	80	5	8870,8871,8872,8873,8874	122	129
1913	80	5	8875,8876,8877,8878,8879	129	136
1914	80	5	8880,8881,8882,8883,8884	136	143
1915	80	5	8885,8886,8887,8888,8889	143	150
1916	80	5	8890,8891,8892,8893,8894	150	157
1917	80	5	8895,8896,8897,8898,8899	157	164
1918	80	5	8900,8901,8902,8903,8904	164	171
1919	80	5	8905,8906,8907,8908,8909	171	178
1920	81	2	8910,8911	3	10
1921	81	2	8912,8913	10	17
1922	81	2	8914,8915	17	24
1923	81	2	8916,8917	24	31
1924	81	2	8918,8919	31	38
1925	81	2	8920,8921	38	45
1926	81	2	8922,8923	45	52
1927	81	2	8924,8925	52	59
1928	81	2	8926,8927	59	66
1929	81	2	8928,8929	66	73
1930	81	2	8930,8931	73	80
1931	81	2	8932,8933	80	87
1932	81	2	8934,8935	87	94
1933	81	2	8936,8937	94	101
1934	81	2	8938,8939	101	108
1935	81	2	8940,8941	108	115
1936	81	2	8942,8943	115	122
1937	81	2	8944,8945	122	129
1938	81	2	8946,8947	129	136
1939	81	2	8948,8949	136	143
1940	81	2	8950,8951	143	150
1941	81	2	8952,8953	150	157
1942	81	2	8954,8955	157	164
1943	81	2	8956,8957	164	171
1944	81	2	8958,8959	171	178
1945	82	4	8960,8961,8962,8963	3	17
1946	82	4	8965,8966,8967,8968	10	24
1947	82	4	8964,8970,8971,8972	17	31
1948	82	4	8969,8974,8975,8976	24	38
1949	82	4	8973,8978,8979,8980	31	45
1950	82	4	8977,8982,8983,8984	38	52
1951	82	4	8981,8986,8987,8988	45	59
1952	82	4	8985,8990,8991,8992	52	66
1953	82	4	8989,8994,8995,8996	59	73
1954	82	4	8993,8998,8999,9000	66	80
1955	82	4	8997,9002,9003,9004	73	87
1956	82	4	9001,9006,9007,9008	80	94
1957	82	4	9005,9010,9011,9012	87	101
1958	82	4	9009,9014,9015,9016	94	108
1959	82	4	9013,9018,9019,9020	101	115
1960	82	4	9017,9022,9023,9024	108	122
1961	82	4	9021,9026,9027,9028	115	129
1962	82	4	9025,9030,9031,9032	122	136
1963	82	4	9029,9034,9035,9036	129	143
1964	82	4	9033,9038,9039,9040	136	150
1965	82	4	9037,9042,9043,9044	143	157
1966	82	4	9041,9046,9047,9048	150	164
1967	82	4	9045,9050,9051,9052	157	171
1968	82	4	9049,9053,9054,9055	164	178
1969	83	5	9056,9057,9058,9059,9060	3	17
1970	83	5	9062,9063,9064,9065,9066	10	24
1971	83	5	9061,9068,9069,9070,9071	17	31
1972	83	5	9067,9073,9074,9075,9076	24	38
1973	83	5	9072,9078,9079,9080,9081	31	45
1974	83	5	9077,9083,9084,9085,9086	38	52
1975	83	5	9082,9088,9089,9090,9091	45	59
1976	83	5	9087,9093,9094,9095,9096	52	66
1977	83	5	9092,9098,9099,9100,9101	59	73
1978	83	5	9097,9103,9104,9105,9106	66	80
1979	83	5	9102,9108,9109,9110,9111	73	87
1980	83	5	9107,9113,9114,9115,9116	80	94
1981	83	5	9112,9118,9119,9120,9121	87	101
1982	83	5	9117,9123,9124,9125,9126	94	108
1983	83	5	9122,9128,9129,9130,9131	101	115
1984	83	5	9127,9133,9134,9135,9136	108	122
1985	83	5	9132,9138,9139,9140,9141	115	129
1986	83	5	9137,9143,9144,9145,9146	122	136
1987	83	5	9142,9148,9149,9150,9151	129	143
1988	83	5	9147,9153,9154,9155,9156	136	150
1989	83	5	9152,9158,9159,9160,9161	143	157
1990	83	5	9157,9163,9164,9165,9166	150	164
1991	83	5	9162,9168,9169,9170,9171	157	171
1992	83	5	9167,9172,9173,9174,9175	164	178
1993	84	3	9176,9177,9178	3	17
1994	84	3	9180,9181,9182	10	24
1995	84	3	9179,9184,9185	17	31
1996	84	3	9183,9187,9188	24	38
1997	84	3	9186,9190,9191	31	45
1998	84	3	9189,9193,9194	38	52
1999	84	3	9192,9196,9197	45	59
2000	84	3	9195,9199,9200	52	66
2001	84	3	9198,9202,9203	59	73
2002	84	3	9201,9205,9206	66	80
2003	84	3	9204,9208,9209	73	87
2004	84	3	9207,9211,9212	80	94
2005	84	3	9210,9214,9215	87	101
2006	84	3	9213,9217,9218	94	108
2007	84	3	9216,9220,9221	101	115
2008	84	3	9219,9223,9224	108	122
2009	84	3	9222,9226,9227	115	129
2010	84	3	9225,9229,9230	122	136
2011	84	3	9228,9232,9233	129	143
2012	84	3	9231,9235,9236	136	150
2013	84	3	9234,9238,9239	143	157
2014	84	3	9237,9241,9242	150	164
2015	84	3	9240,9244,9245	157	171
2016	84	3	9243,9246,9247	164	178
2017	85	4	9248,9249,9250,9251	3	17
2018	85	4	9253,9254,9255,9256	10	24
2019	85	4	9252,9258,9259,9260	17	31
2020	85	4	9257,9262,9263,9264	24	38
2021	85	4	9261,9266,9267,9268	31	45
2022	85	4	9265,9270,9271,9272	38	52
2023	85	4	9269,9274,9275,9276	45	59
2024	85	4	9273,9278,9279,9280	52	66
2025	85	4	9277,9282,9283,9284	59	73
2026	85	4	9281,9286,9287,9288	66	80
2027	85	4	9285,9290,9291,9292	73	87
2028	85	4	9289,9294,9295,9296	80	94
2029	85	4	9293,9298,9299,9300	87	101
2030	85	4	9297,9302,9303,9304	94	108
2031	85	4	9301,9306,9307,9308	101	115
2032	85	4	9305,9310,9311,9312	108	122
2033	85	4	9309,9314,9315,9316	115	129
2034	85	4	9313,9318,9319,9320	122	136
2035	85	4	9317,9322,9323,9324	129	143
2036	85	4	9321,9326,9327,9328	136	150
2037	85	4	9325,9330,9331,9332	143	157
2038	85	4	9329,9334,9335,9336	150	164
2039	85	4	9333,9338,9339,9340	157	171
2040	85	4	9337,9341,9342,9343	164	178
2041	86	4	9344,9345,9346,9347	3	17
2042	86	4	9349,9350,9351,9352	10	24
2043	86	4	9348,9354,9355,9356	17	31
2044	86	4	9353,9358,9359,9360	24	38
2045	86	4	9357,9362,9363,9364	31	45
2046	86	4	9361,9366,9367,9368	38	52
2047	86	4	9365,9370,9371,9372	45	59
2048	86	4	9369,9374,9375,9376	52	66
2049	86	4	9373,9378,9379,9380	59	73
2050	86	4	9377,9382,9383,9384	66	80
2051	86	4	9381,9386,9387,9388	73	87
2052	86	4	9385,9390,9391,9392	80	94
2053	86	4	9389,9394,9395,9396	87	101
2054	86	4	9393,9398,9399,9400	94	108
2055	86	4	9397,9402,9403,9404	101	115
2056	86	4	9401,9406,9407,9408	108	122
2057	86	4	9405,9410,9411,9412	115	129
2058	86	4	9409,9414,9415,9416	122	136
2059	86	4	9413,9418,9419,9420	129	143
2060	86	4	9417,9422,9423,9424	136	150
2061	86	4	9421,9426,9427,9428	143	157
2062	86	4	9425,9430,9431,9432	150	164
2063	86	4	9429,9434,9435,9436	157	171
2064	86	4	9433,9437,9438,9439	164	178
2065	87	2	9440,9441	3	10
2066	87	2	9442,9443	10	17
2067	87	2	9444,9445	17	24
2068	87	2	9446,9447	24	31
2069	87	2	9448,9449	31	38
2070	87	2	9450,9451	38	45
2071	87	2	9452,9453	45	52
2072	87	2	9454,9455	52	59
2073	87	2	9456,9457	59	66
2074	87	2	9458,9459	66	73
2075	87	2	9460,9461	73	80
2076	87	2	9462,9463	80	87
2077	87	2	9464,9465	87	94
2078	87	2	9466,9467	94	101
2079	87	2	9468,9469	101	108
2080	87	2	9470,9471	108	115
2081	87	2	9472,9473	115	122
2082	87	2	9474,9475	122	129
2083	87	2	9476,9477	129	136
2084	87	2	9478,9479	136	143
2085	87	2	9480,9481	143	150
2086	87	2	9482,9483	150	157
2087	87	2	9484,9485	157	164
2088	87	2	9486,9487	164	171
2089	87	2	9488,9489	171	178
2090	88	6	9490,9491,9492,9493,9494,9495	3	17
2091	88	6	9497,9498,9499,9500,9501,9502	10	24
2092	88	6	9496,9504,9505,9506,9507,9508	17	31
2093	88	6	9503,9510,9511,9512,9513,9514	24	38
2094	88	6	9509,9516,9517,9518,9519,9520	31	45
2095	88	6	9515,9522,9523,9524,9525,9526	38	52
2096	88	6	9521,9528,9529,9530,9531,9532	45	59
2097	88	6	9527,9534,9535,9536,9537,9538	52	66
2098	88	6	9533,9540,9541,9542,9543,9544	59	73
2099	88	6	9539,9546,9547,9548,9549,9550	66	80
2100	88	6	9545,9552,9553,9554,9555,9556	73	87
2101	88	6	9551,9558,9559,9560,9561,9562	80	94
2102	88	6	9557,9564,9565,9566,9567,9568	87	101
2103	88	6	9563,9570,9571,9572,9573,9574	94	108
2104	88	6	9569,9576,9577,9578,9579,9580	101	115
2105	88	6	9575,9582,9583,9584,9585,9586	108	122
2106	88	6	9581,9588,9589,9590,9591,9592	115	129
2107	88	6	9587,9594,9595,9596,9597,9598	122	136
2108	88	6	9593,9600,9601,9602,9603,9604	129	143
2109	88	6	9599,9606,9607,9608,9609,9610	136	150
2110	88	6	9605,9612,9613,9614,9615,9616	143	157
2111	88	6	9611,9618,9619,9620,9621,9622	150	164
2112	88	6	9617,9624,9625,9626,9627,9628	157	171
2113	88	6	9623,9629,9630,9631,9632,9633	164	178
