TransshipArc ID	Port	Origin_node_ID	OriginTime	TransshipTime	Destination_node_ID	DestinationTime	FromRoute	ToRoute
891	D1	2	5	6	118	11	1	2
892	D1	2	5	13	126	18	1	2
893	D3	3	6	9	120	15	1	2
894	D1	8	12	6	126	18	1	2
895	D1	8	12	13	134	25	1	2
896	D3	9	13	2	120	15	1	2
897	D3	9	13	9	128	22	1	2
898	D1	14	19	6	134	25	1	2
899	D1	14	19	13	142	32	1	2
900	D3	15	20	2	128	22	1	2
901	D3	15	20	9	136	29	1	2
902	D1	20	26	6	142	32	1	2
903	D1	20	26	13	149	39	1	2
904	D1	20	26	12	278	38	1	3
905	D3	21	27	2	136	29	1	2
906	D3	21	27	9	144	36	1	2
907	D1	25	33	6	149	39	1	2
908	D1	25	33	13	156	46	1	2
909	D1	25	33	5	278	38	1	3
910	D1	25	33	12	285	45	1	3
911	D3	26	34	2	144	36	1	2
912	D3	26	34	9	151	43	1	2
913	D1	30	40	6	156	46	1	2
914	D1	30	40	13	163	53	1	2
915	D1	30	40	5	285	45	1	3
916	D1	30	40	12	292	52	1	3
917	D3	31	41	2	151	43	1	2
918	D3	31	41	9	158	50	1	2
919	D1	35	47	6	163	53	1	2
920	D1	35	47	13	170	60	1	2
921	D1	35	47	5	292	52	1	3
922	D1	35	47	12	299	59	1	3
923	D3	36	48	2	158	50	1	2
924	D3	36	48	9	165	57	1	2
925	D1	40	54	6	170	60	1	2
926	D1	40	54	13	177	67	1	2
927	D1	40	54	5	299	59	1	3
928	D1	40	54	12	306	66	1	3
929	D3	41	55	2	165	57	1	2
930	D3	41	55	9	172	64	1	2
931	D1	45	61	6	177	67	1	2
932	D1	45	61	13	184	74	1	2
933	D1	45	61	5	306	66	1	3
934	D1	45	61	12	313	73	1	3
935	D3	46	62	2	172	64	1	2
936	D3	46	62	9	179	71	1	2
937	D1	50	68	6	184	74	1	2
938	D1	50	68	13	191	81	1	2
939	D1	50	68	5	313	73	1	3
940	D1	50	68	12	319	80	1	3
941	D3	51	69	2	179	71	1	2
942	D3	51	69	9	186	78	1	2
943	D1	55	75	6	191	81	1	2
944	D1	55	75	13	198	88	1	2
945	D1	55	75	5	319	80	1	3
946	D1	55	75	12	325	87	1	3
947	D3	56	76	2	186	78	1	2
948	D3	56	76	9	193	85	1	2
949	D1	60	82	6	198	88	1	2
950	D1	60	82	13	205	95	1	2
951	D1	60	82	5	325	87	1	3
952	D1	60	82	12	331	94	1	3
953	D3	61	83	2	193	85	1	2
954	D3	61	83	9	200	92	1	2
955	D1	65	89	6	205	95	1	2
956	D1	65	89	13	212	102	1	2
957	D1	65	89	5	331	94	1	3
958	D1	65	89	12	337	101	1	3
959	D3	66	90	2	200	92	1	2
960	D3	66	90	9	207	99	1	2
961	D1	70	96	6	212	102	1	2
962	D1	70	96	13	219	109	1	2
963	D1	70	96	5	337	101	1	3
964	D1	70	96	12	343	108	1	3
965	D3	71	97	2	207	99	1	2
966	D3	71	97	9	214	106	1	2
967	D1	75	103	6	219	109	1	2
968	D1	75	103	13	226	116	1	2
969	D1	75	103	5	343	108	1	3
970	D1	75	103	12	349	115	1	3
971	D3	76	104	2	214	106	1	2
972	D3	76	104	9	221	113	1	2
973	D1	80	110	6	226	116	1	2
974	D1	80	110	13	233	123	1	2
975	D1	80	110	5	349	115	1	3
976	D1	80	110	12	355	122	1	3
977	D3	81	111	2	221	113	1	2
978	D3	81	111	9	228	120	1	2
979	D1	85	117	6	233	123	1	2
980	D1	85	117	13	240	130	1	2
981	D1	85	117	5	355	122	1	3
982	D1	85	117	12	361	129	1	3
983	D3	86	118	2	228	120	1	2
984	D3	86	118	9	235	127	1	2
985	D1	90	124	6	240	130	1	2
986	D1	90	124	13	247	137	1	2
987	D1	90	124	5	361	129	1	3
988	D1	90	124	12	367	136	1	3
989	D3	91	125	2	235	127	1	2
990	D3	91	125	9	242	134	1	2
991	D1	95	131	6	247	137	1	2
992	D1	95	131	13	254	144	1	2
993	D1	95	131	5	367	136	1	3
994	D1	95	131	12	373	143	1	3
995	D3	96	132	2	242	134	1	2
996	D3	96	132	9	249	141	1	2
997	D1	100	138	6	254	144	1	2
998	D1	100	138	13	261	151	1	2
999	D1	100	138	5	373	143	1	3
1000	D1	100	138	12	379	150	1	3
1001	D3	101	139	2	249	141	1	2
1002	D3	101	139	9	256	148	1	2
1003	D1	105	145	6	261	151	1	2
1004	D1	105	145	13	268	158	1	2
1005	D1	105	145	5	379	150	1	3
1006	D1	105	145	12	385	157	1	3
1007	D3	106	146	2	256	148	1	2
1008	D3	106	146	9	263	155	1	2
1009	D1	110	152	6	268	158	1	2
1010	D1	110	152	5	385	157	1	3
1011	D1	110	152	12	391	164	1	3
1012	D3	111	153	2	263	155	1	2
1013	D3	111	153	9	270	162	1	2
1014	D1	118	11	1	8	12	2	1
1015	D1	118	11	8	14	19	2	1
1016	D3	120	15	5	15	20	2	1
1017	D3	120	15	12	21	27	2	1
1018	D1	126	18	1	14	19	2	1
1019	D1	126	18	8	20	26	2	1
1020	D3	128	22	5	21	27	2	1
1021	D3	128	22	12	26	34	2	1
1022	D1	134	25	1	20	26	2	1
1023	D1	134	25	8	25	33	2	1
1024	D1	134	25	13	278	38	2	3
1025	D3	136	29	5	26	34	2	1
1026	D3	136	29	12	31	41	2	1
1027	D1	142	32	1	25	33	2	1
1028	D1	142	32	8	30	40	2	1
1029	D1	142	32	6	278	38	2	3
1030	D1	142	32	13	285	45	2	3
1031	D3	144	36	5	31	41	2	1
1032	D3	144	36	12	36	48	2	1
1033	D1	149	39	1	30	40	2	1
1034	D1	149	39	8	35	47	2	1
1035	D1	149	39	6	285	45	2	3
1036	D1	149	39	13	292	52	2	3
1037	D3	151	43	5	36	48	2	1
1038	D3	151	43	12	41	55	2	1
1039	D1	156	46	1	35	47	2	1
1040	D1	156	46	8	40	54	2	1
1041	D1	156	46	6	292	52	2	3
1042	D1	156	46	13	299	59	2	3
1043	D3	158	50	5	41	55	2	1
1044	D3	158	50	12	46	62	2	1
1045	D1	163	53	1	40	54	2	1
1046	D1	163	53	8	45	61	2	1
1047	D1	163	53	6	299	59	2	3
1048	D1	163	53	13	306	66	2	3
1049	D3	165	57	5	46	62	2	1
1050	D3	165	57	12	51	69	2	1
1051	D1	170	60	1	45	61	2	1
1052	D1	170	60	8	50	68	2	1
1053	D1	170	60	6	306	66	2	3
1054	D1	170	60	13	313	73	2	3
1055	D3	172	64	5	51	69	2	1
1056	D3	172	64	12	56	76	2	1
1057	D1	177	67	1	50	68	2	1
1058	D1	177	67	8	55	75	2	1
1059	D1	177	67	6	313	73	2	3
1060	D1	177	67	13	319	80	2	3
1061	D3	179	71	5	56	76	2	1
1062	D3	179	71	12	61	83	2	1
1063	D1	184	74	1	55	75	2	1
1064	D1	184	74	8	60	82	2	1
1065	D1	184	74	6	319	80	2	3
1066	D1	184	74	13	325	87	2	3
1067	D3	186	78	5	61	83	2	1
1068	D3	186	78	12	66	90	2	1
1069	D1	191	81	1	60	82	2	1
1070	D1	191	81	8	65	89	2	1
1071	D1	191	81	6	325	87	2	3
1072	D1	191	81	13	331	94	2	3
1073	D3	193	85	5	66	90	2	1
1074	D3	193	85	12	71	97	2	1
1075	D1	198	88	1	65	89	2	1
1076	D1	198	88	8	70	96	2	1
1077	D1	198	88	6	331	94	2	3
1078	D1	198	88	13	337	101	2	3
1079	D3	200	92	5	71	97	2	1
1080	D3	200	92	12	76	104	2	1
1081	D1	205	95	1	70	96	2	1
1082	D1	205	95	8	75	103	2	1
1083	D1	205	95	6	337	101	2	3
1084	D1	205	95	13	343	108	2	3
1085	D3	207	99	5	76	104	2	1
1086	D3	207	99	12	81	111	2	1
1087	D1	212	102	1	75	103	2	1
1088	D1	212	102	8	80	110	2	1
1089	D1	212	102	6	343	108	2	3
1090	D1	212	102	13	349	115	2	3
1091	D3	214	106	5	81	111	2	1
1092	D3	214	106	12	86	118	2	1
1093	D1	219	109	1	80	110	2	1
1094	D1	219	109	8	85	117	2	1
1095	D1	219	109	6	349	115	2	3
1096	D1	219	109	13	355	122	2	3
1097	D3	221	113	5	86	118	2	1
1098	D3	221	113	12	91	125	2	1
1099	D1	226	116	1	85	117	2	1
1100	D1	226	116	8	90	124	2	1
1101	D1	226	116	6	355	122	2	3
1102	D1	226	116	13	361	129	2	3
1103	D3	228	120	5	91	125	2	1
1104	D3	228	120	12	96	132	2	1
1105	D1	233	123	1	90	124	2	1
1106	D1	233	123	8	95	131	2	1
1107	D1	233	123	6	361	129	2	3
1108	D1	233	123	13	367	136	2	3
1109	D3	235	127	5	96	132	2	1
1110	D3	235	127	12	101	139	2	1
1111	D1	240	130	1	95	131	2	1
1112	D1	240	130	8	100	138	2	1
1113	D1	240	130	6	367	136	2	3
1114	D1	240	130	13	373	143	2	3
1115	D3	242	134	5	101	139	2	1
1116	D3	242	134	12	106	146	2	1
1117	D1	247	137	1	100	138	2	1
1118	D1	247	137	8	105	145	2	1
1119	D1	247	137	6	373	143	2	3
1120	D1	247	137	13	379	150	2	3
1121	D3	249	141	5	106	146	2	1
1122	D3	249	141	12	111	153	2	1
1123	D1	254	144	1	105	145	2	1
1124	D1	254	144	8	110	152	2	1
1125	D1	254	144	6	379	150	2	3
1126	D1	254	144	13	385	157	2	3
1127	D3	256	148	5	111	153	2	1
1128	D1	261	151	1	110	152	2	1
1129	D1	261	151	6	385	157	2	3
1130	D1	261	151	13	391	164	2	3
1131	D1	268	158	6	391	164	2	3
1132	D1	268	158	13	397	171	2	3
1133	A8	273	5	3	401	8	3	4
1134	A8	273	5	10	403	15	3	4
1135	A2	274	7	0	452	7	3	5
1136	A2	274	7	7	459	14	3	5
1137	A2	274	7	3	578	10	3	6
1138	A2	274	7	10	583	17	3	6
1139	A1	275	10	6	460	16	3	5
1140	A1	275	10	13	467	23	3	5
1141	A1	275	10	3	582	13	3	6
1142	A1	275	10	10	586	20	3	6
1143	B2	276	22	0	678	22	3	7
1144	B2	276	22	7	685	29	3	7
1145	D1	278	38	2	30	40	3	1
1146	D1	278	38	9	35	47	3	1
1147	D1	278	38	1	149	39	3	2
1148	D1	278	38	8	156	46	3	2
1149	A8	279	47	3	413	50	3	4
1150	A8	279	47	10	415	57	3	4
1151	A8	280	12	3	403	15	3	4
1152	A8	280	12	10	405	22	3	4
1153	A2	281	14	0	459	14	3	5
1154	A2	281	14	7	466	21	3	5
1155	A2	281	14	3	583	17	3	6
1156	A2	281	14	10	587	24	3	6
1157	A1	282	17	6	467	23	3	5
1158	A1	282	17	13	474	30	3	5
1159	A1	282	17	3	586	20	3	6
1160	A1	282	17	10	590	27	3	6
1161	B2	283	29	0	685	29	3	7
1162	B2	283	29	7	692	36	3	7
1163	D1	285	45	2	35	47	3	1
1164	D1	285	45	9	40	54	3	1
1165	D1	285	45	1	156	46	3	2
1166	D1	285	45	8	163	53	3	2
1167	A8	286	54	3	415	57	3	4
1168	A8	286	54	10	417	64	3	4
1169	A8	287	19	3	405	22	3	4
1170	A8	287	19	10	407	29	3	4
1171	A2	288	21	0	466	21	3	5
1172	A2	288	21	7	473	28	3	5
1173	A2	288	21	3	587	24	3	6
1174	A2	288	21	10	591	31	3	6
1175	A1	289	24	6	474	30	3	5
1176	A1	289	24	13	481	37	3	5
1177	A1	289	24	3	590	27	3	6
1178	A1	289	24	10	594	34	3	6
1179	B2	290	36	0	692	36	3	7
1180	B2	290	36	7	699	43	3	7
1181	D1	292	52	2	40	54	3	1
1182	D1	292	52	9	45	61	3	1
1183	D1	292	52	1	163	53	3	2
1184	D1	292	52	8	170	60	3	2
1185	A8	293	61	3	417	64	3	4
1186	A8	293	61	10	419	71	3	4
1187	A8	294	26	3	407	29	3	4
1188	A8	294	26	10	409	36	3	4
1189	A2	295	28	0	473	28	3	5
1190	A2	295	28	7	480	35	3	5
1191	A2	295	28	3	591	31	3	6
1192	A2	295	28	10	595	38	3	6
1193	A1	296	31	6	481	37	3	5
1194	A1	296	31	13	488	44	3	5
1195	A1	296	31	3	594	34	3	6
1196	A1	296	31	10	598	41	3	6
1197	B2	297	43	0	699	43	3	7
1198	B2	297	43	7	706	50	3	7
1199	D1	299	59	2	45	61	3	1
1200	D1	299	59	9	50	68	3	1
1201	D1	299	59	1	170	60	3	2
1202	D1	299	59	8	177	67	3	2
1203	A8	300	68	3	419	71	3	4
1204	A8	300	68	10	421	78	3	4
1205	A8	301	33	3	409	36	3	4
1206	A8	301	33	10	411	43	3	4
1207	A2	302	35	0	480	35	3	5
1208	A2	302	35	7	487	42	3	5
1209	A2	302	35	3	595	38	3	6
1210	A2	302	35	10	599	45	3	6
1211	A1	303	38	6	488	44	3	5
1212	A1	303	38	13	494	51	3	5
1213	A1	303	38	3	598	41	3	6
1214	A1	303	38	10	602	48	3	6
1215	B2	304	50	0	706	50	3	7
1216	B2	304	50	7	713	57	3	7
1217	D1	306	66	2	50	68	3	1
1218	D1	306	66	9	55	75	3	1
1219	D1	306	66	1	177	67	3	2
1220	D1	306	66	8	184	74	3	2
1221	A8	307	75	3	421	78	3	4
1222	A8	307	75	10	423	85	3	4
1223	A8	308	40	3	411	43	3	4
1224	A8	308	40	10	413	50	3	4
1225	A2	309	42	0	487	42	3	5
1226	A2	309	42	7	493	49	3	5
1227	A2	309	42	3	599	45	3	6
1228	A2	309	42	10	603	52	3	6
1229	A1	310	45	6	494	51	3	5
1230	A1	310	45	13	500	58	3	5
1231	A1	310	45	3	602	48	3	6
1232	A1	310	45	10	606	55	3	6
1233	B2	311	57	0	713	57	3	7
1234	B2	311	57	7	719	64	3	7
1235	D1	313	73	2	55	75	3	1
1236	D1	313	73	9	60	82	3	1
1237	D1	313	73	1	184	74	3	2
1238	D1	313	73	8	191	81	3	2
1239	A8	314	82	3	423	85	3	4
1240	A8	314	82	10	425	92	3	4
1241	A2	315	49	0	493	49	3	5
1242	A2	315	49	7	499	56	3	5
1243	A2	315	49	3	603	52	3	6
1244	A2	315	49	10	607	59	3	6
1245	A1	316	52	6	500	58	3	5
1246	A1	316	52	13	506	65	3	5
1247	A1	316	52	3	606	55	3	6
1248	A1	316	52	10	610	62	3	6
1249	B2	317	64	0	719	64	3	7
1250	B2	317	64	7	725	71	3	7
1251	D1	319	80	2	60	82	3	1
1252	D1	319	80	9	65	89	3	1
1253	D1	319	80	1	191	81	3	2
1254	D1	319	80	8	198	88	3	2
1255	A8	320	89	3	425	92	3	4
1256	A8	320	89	10	427	99	3	4
1257	A2	321	56	0	499	56	3	5
1258	A2	321	56	7	505	63	3	5
1259	A2	321	56	3	607	59	3	6
1260	A2	321	56	10	611	66	3	6
1261	A1	322	59	6	506	65	3	5
1262	A1	322	59	13	512	72	3	5
1263	A1	322	59	3	610	62	3	6
1264	A1	322	59	10	614	69	3	6
1265	B2	323	71	0	725	71	3	7
1266	B2	323	71	7	731	78	3	7
1267	D1	325	87	2	65	89	3	1
1268	D1	325	87	9	70	96	3	1
1269	D1	325	87	1	198	88	3	2
1270	D1	325	87	8	205	95	3	2
1271	A8	326	96	3	427	99	3	4
1272	A8	326	96	10	429	106	3	4
1273	A2	327	63	0	505	63	3	5
1274	A2	327	63	7	511	70	3	5
1275	A2	327	63	3	611	66	3	6
1276	A2	327	63	10	615	73	3	6
1277	A1	328	66	6	512	72	3	5
1278	A1	328	66	13	518	79	3	5
1279	A1	328	66	3	614	69	3	6
1280	A1	328	66	10	618	76	3	6
1281	B2	329	78	0	731	78	3	7
1282	B2	329	78	7	737	85	3	7
1283	D1	331	94	2	70	96	3	1
1284	D1	331	94	9	75	103	3	1
1285	D1	331	94	1	205	95	3	2
1286	D1	331	94	8	212	102	3	2
1287	A8	332	103	3	429	106	3	4
1288	A8	332	103	10	431	113	3	4
1289	A2	333	70	0	511	70	3	5
1290	A2	333	70	7	517	77	3	5
1291	A2	333	70	3	615	73	3	6
1292	A2	333	70	10	619	80	3	6
1293	A1	334	73	6	518	79	3	5
1294	A1	334	73	13	524	86	3	5
1295	A1	334	73	3	618	76	3	6
1296	A1	334	73	10	622	83	3	6
1297	B2	335	85	0	737	85	3	7
1298	B2	335	85	7	743	92	3	7
1299	D1	337	101	2	75	103	3	1
1300	D1	337	101	9	80	110	3	1
1301	D1	337	101	1	212	102	3	2
1302	D1	337	101	8	219	109	3	2
1303	A8	338	110	3	431	113	3	4
1304	A8	338	110	10	433	120	3	4
1305	A2	339	77	0	517	77	3	5
1306	A2	339	77	7	523	84	3	5
1307	A2	339	77	3	619	80	3	6
1308	A2	339	77	10	623	87	3	6
1309	A1	340	80	6	524	86	3	5
1310	A1	340	80	13	530	93	3	5
1311	A1	340	80	3	622	83	3	6
1312	A1	340	80	10	626	90	3	6
1313	B2	341	92	0	743	92	3	7
1314	B2	341	92	7	749	99	3	7
1315	D1	343	108	2	80	110	3	1
1316	D1	343	108	9	85	117	3	1
1317	D1	343	108	1	219	109	3	2
1318	D1	343	108	8	226	116	3	2
1319	A8	344	117	3	433	120	3	4
1320	A8	344	117	10	435	127	3	4
1321	A2	345	84	0	523	84	3	5
1322	A2	345	84	7	529	91	3	5
1323	A2	345	84	3	623	87	3	6
1324	A2	345	84	10	627	94	3	6
1325	A1	346	87	6	530	93	3	5
1326	A1	346	87	13	536	100	3	5
1327	A1	346	87	3	626	90	3	6
1328	A1	346	87	10	630	97	3	6
1329	B2	347	99	0	749	99	3	7
1330	B2	347	99	7	755	106	3	7
1331	D1	349	115	2	85	117	3	1
1332	D1	349	115	9	90	124	3	1
1333	D1	349	115	1	226	116	3	2
1334	D1	349	115	8	233	123	3	2
1335	A8	350	124	3	435	127	3	4
1336	A8	350	124	10	437	134	3	4
1337	A2	351	91	0	529	91	3	5
1338	A2	351	91	7	535	98	3	5
1339	A2	351	91	3	627	94	3	6
1340	A2	351	91	10	631	101	3	6
1341	A1	352	94	6	536	100	3	5
1342	A1	352	94	13	542	107	3	5
1343	A1	352	94	3	630	97	3	6
1344	A1	352	94	10	634	104	3	6
1345	B2	353	106	0	755	106	3	7
1346	B2	353	106	7	761	113	3	7
1347	D1	355	122	2	90	124	3	1
1348	D1	355	122	9	95	131	3	1
1349	D1	355	122	1	233	123	3	2
1350	D1	355	122	8	240	130	3	2
1351	A8	356	131	3	437	134	3	4
1352	A8	356	131	10	439	141	3	4
1353	A2	357	98	0	535	98	3	5
1354	A2	357	98	7	541	105	3	5
1355	A2	357	98	3	631	101	3	6
1356	A2	357	98	10	635	108	3	6
1357	A1	358	101	6	542	107	3	5
1358	A1	358	101	13	548	114	3	5
1359	A1	358	101	3	634	104	3	6
1360	A1	358	101	10	638	111	3	6
1361	B2	359	113	0	761	113	3	7
1362	B2	359	113	7	767	120	3	7
1363	D1	361	129	2	95	131	3	1
1364	D1	361	129	9	100	138	3	1
1365	D1	361	129	1	240	130	3	2
1366	D1	361	129	8	247	137	3	2
1367	A8	362	138	3	439	141	3	4
1368	A8	362	138	10	441	148	3	4
1369	A2	363	105	0	541	105	3	5
1370	A2	363	105	7	547	112	3	5
1371	A2	363	105	3	635	108	3	6
1372	A2	363	105	10	639	115	3	6
1373	A1	364	108	6	548	114	3	5
1374	A1	364	108	13	554	121	3	5
1375	A1	364	108	3	638	111	3	6
1376	A1	364	108	10	642	118	3	6
1377	B2	365	120	0	767	120	3	7
1378	B2	365	120	7	773	127	3	7
1379	D1	367	136	2	100	138	3	1
1380	D1	367	136	9	105	145	3	1
1381	D1	367	136	1	247	137	3	2
1382	D1	367	136	8	254	144	3	2
1383	A8	368	145	3	441	148	3	4
1384	A8	368	145	10	443	155	3	4
1385	A2	369	112	0	547	112	3	5
1386	A2	369	112	7	553	119	3	5
1387	A2	369	112	3	639	115	3	6
1388	A2	369	112	10	643	122	3	6
1389	A1	370	115	6	554	121	3	5
1390	A1	370	115	13	560	128	3	5
1391	A1	370	115	3	642	118	3	6
1392	A1	370	115	10	646	125	3	6
1393	B2	371	127	0	773	127	3	7
1394	B2	371	127	7	779	134	3	7
1395	D1	373	143	2	105	145	3	1
1396	D1	373	143	9	110	152	3	1
1397	D1	373	143	1	254	144	3	2
1398	D1	373	143	8	261	151	3	2
1399	A8	374	152	3	443	155	3	4
1400	A8	374	152	10	445	162	3	4
1401	A2	375	119	0	553	119	3	5
1402	A2	375	119	7	559	126	3	5
1403	A2	375	119	3	643	122	3	6
1404	A2	375	119	10	647	129	3	6
1405	A1	376	122	6	560	128	3	5
1406	A1	376	122	13	566	135	3	5
1407	A1	376	122	3	646	125	3	6
1408	A1	376	122	10	650	132	3	6
1409	B2	377	134	0	779	134	3	7
1410	B2	377	134	7	785	141	3	7
1411	D1	379	150	2	110	152	3	1
1412	D1	379	150	1	261	151	3	2
1413	D1	379	150	8	268	158	3	2
1414	A8	380	159	3	445	162	3	4
1415	A8	380	159	10	447	169	3	4
1416	A2	381	126	0	559	126	3	5
1417	A2	381	126	7	565	133	3	5
1418	A2	381	126	3	647	129	3	6
1419	A2	381	126	10	651	136	3	6
1420	A1	382	129	6	566	135	3	5
1421	A1	382	129	13	572	142	3	5
1422	A1	382	129	3	650	132	3	6
1423	A1	382	129	10	654	139	3	6
1424	B2	383	141	0	785	141	3	7
1425	B2	383	141	7	791	148	3	7
1426	D1	385	157	1	268	158	3	2
1427	A8	386	166	3	447	169	3	4
1428	A8	386	166	10	449	176	3	4
1429	A2	387	133	0	565	133	3	5
1430	A2	387	133	7	571	140	3	5
1431	A2	387	133	3	651	136	3	6
1432	A2	387	133	10	655	143	3	6
1433	A1	388	136	6	572	142	3	5
1434	A1	388	136	3	654	139	3	6
1435	A1	388	136	10	658	146	3	6
1436	B2	389	148	0	791	148	3	7
1437	B2	389	148	7	797	155	3	7
1438	A8	392	173	3	449	176	3	4
1439	A2	393	140	0	571	140	3	5
1440	A2	393	140	3	655	143	3	6
1441	A2	393	140	10	659	150	3	6
1442	A1	394	143	3	658	146	3	6
1443	A1	394	143	10	662	153	3	6
1444	B2	395	155	0	797	155	3	7
1445	A8	399	1	4	273	5	4	3
1446	A8	399	1	11	280	12	4	3
1447	A8	401	8	4	280	12	4	3
1448	A8	401	8	11	287	19	4	3
1449	A8	403	15	4	287	19	4	3
1450	A8	403	15	11	294	26	4	3
1451	A8	405	22	4	294	26	4	3
1452	A8	405	22	11	301	33	4	3
1453	A8	407	29	4	301	33	4	3
1454	A8	407	29	11	308	40	4	3
1455	A8	409	36	11	279	47	4	3
1456	A8	409	36	4	308	40	4	3
1457	A8	411	43	4	279	47	4	3
1458	A8	411	43	11	286	54	4	3
1459	A8	413	50	4	286	54	4	3
1460	A8	413	50	11	293	61	4	3
1461	A8	415	57	4	293	61	4	3
1462	A8	415	57	11	300	68	4	3
1463	A8	417	64	4	300	68	4	3
1464	A8	417	64	11	307	75	4	3
1465	A8	419	71	4	307	75	4	3
1466	A8	419	71	11	314	82	4	3
1467	A8	421	78	4	314	82	4	3
1468	A8	421	78	11	320	89	4	3
1469	A8	423	85	4	320	89	4	3
1470	A8	423	85	11	326	96	4	3
1471	A8	425	92	4	326	96	4	3
1472	A8	425	92	11	332	103	4	3
1473	A8	427	99	4	332	103	4	3
1474	A8	427	99	11	338	110	4	3
1475	A8	429	106	4	338	110	4	3
1476	A8	429	106	11	344	117	4	3
1477	A8	431	113	4	344	117	4	3
1478	A8	431	113	11	350	124	4	3
1479	A8	433	120	4	350	124	4	3
1480	A8	433	120	11	356	131	4	3
1481	A8	435	127	4	356	131	4	3
1482	A8	435	127	11	362	138	4	3
1483	A8	437	134	4	362	138	4	3
1484	A8	437	134	11	368	145	4	3
1485	A8	439	141	4	368	145	4	3
1486	A8	439	141	11	374	152	4	3
1487	A8	441	148	4	374	152	4	3
1488	A8	441	148	11	380	159	4	3
1489	A8	443	155	4	380	159	4	3
1490	A8	443	155	11	386	166	4	3
1491	A8	445	162	4	386	166	4	3
1492	A8	445	162	11	392	173	4	3
1493	A8	447	169	4	392	173	4	3
1494	A8	447	169	11	398	180	4	3
1495	A8	449	176	4	398	180	4	3
1496	A6	450	1	5	676	6	5	7
1497	A6	450	1	12	683	13	5	7
1498	A6	450	1	8	802	9	5	8
1499	A5	451	4	3	677	7	5	7
1500	A5	451	4	10	684	14	5	7
1501	A2	452	7	0	274	7	5	3
1502	A2	452	7	7	281	14	5	3
1503	A2	452	7	3	578	10	5	6
1504	A2	452	7	10	583	17	5	6
1505	A1	453	9	1	275	10	5	3
1506	A1	453	9	8	282	17	5	3
1507	A1	453	9	4	582	13	5	6
1508	A1	453	9	11	586	20	5	6
1509	A6	456	43	5	717	48	5	7
1510	A6	456	43	12	723	55	5	7
1511	A6	456	43	1	836	44	5	8
1512	A6	456	43	8	842	51	5	8
1513	A6	457	8	5	683	13	5	7
1514	A6	457	8	12	690	20	5	7
1515	A6	457	8	1	802	9	5	8
1516	A6	457	8	8	809	16	5	8
1517	A5	458	11	3	684	14	5	7
1518	A5	458	11	10	691	21	5	7
1519	A2	459	14	0	281	14	5	3
1520	A2	459	14	7	288	21	5	3
1521	A2	459	14	3	583	17	5	6
1522	A2	459	14	10	587	24	5	6
1523	A1	460	16	1	282	17	5	3
1524	A1	460	16	8	289	24	5	3
1525	A1	460	16	4	586	20	5	6
1526	A1	460	16	11	590	27	5	6
1527	A6	463	50	5	723	55	5	7
1528	A6	463	50	12	729	62	5	7
1529	A6	463	50	1	842	51	5	8
1530	A6	463	50	8	848	58	5	8
1531	A6	464	15	5	690	20	5	7
1532	A6	464	15	12	697	27	5	7
1533	A6	464	15	1	809	16	5	8
1534	A6	464	15	8	816	23	5	8
1535	A5	465	18	3	691	21	5	7
1536	A5	465	18	10	698	28	5	7
1537	A2	466	21	0	288	21	5	3
1538	A2	466	21	7	295	28	5	3
1539	A2	466	21	3	587	24	5	6
1540	A2	466	21	10	591	31	5	6
1541	A1	467	23	1	289	24	5	3
1542	A1	467	23	8	296	31	5	3
1543	A1	467	23	4	590	27	5	6
1544	A1	467	23	11	594	34	5	6
1545	A6	470	57	5	729	62	5	7
1546	A6	470	57	12	735	69	5	7
1547	A6	470	57	1	848	58	5	8
1548	A6	470	57	8	854	65	5	8
1549	A6	471	22	5	697	27	5	7
1550	A6	471	22	12	704	34	5	7
1551	A6	471	22	1	816	23	5	8
1552	A6	471	22	8	823	30	5	8
1553	A5	472	25	3	698	28	5	7
1554	A5	472	25	10	705	35	5	7
1555	A2	473	28	0	295	28	5	3
1556	A2	473	28	7	302	35	5	3
1557	A2	473	28	3	591	31	5	6
1558	A2	473	28	10	595	38	5	6
1559	A1	474	30	1	296	31	5	3
1560	A1	474	30	8	303	38	5	3
1561	A1	474	30	4	594	34	5	6
1562	A1	474	30	11	598	41	5	6
1563	A6	477	64	5	735	69	5	7
1564	A6	477	64	12	741	76	5	7
1565	A6	477	64	1	854	65	5	8
1566	A6	477	64	8	860	72	5	8
1567	A6	478	29	5	704	34	5	7
1568	A6	478	29	12	711	41	5	7
1569	A6	478	29	1	823	30	5	8
1570	A6	478	29	8	830	37	5	8
1571	A5	479	32	3	705	35	5	7
1572	A5	479	32	10	712	42	5	7
1573	A2	480	35	0	302	35	5	3
1574	A2	480	35	7	309	42	5	3
1575	A2	480	35	3	595	38	5	6
1576	A2	480	35	10	599	45	5	6
1577	A1	481	37	1	303	38	5	3
1578	A1	481	37	8	310	45	5	3
1579	A1	481	37	4	598	41	5	6
1580	A1	481	37	11	602	48	5	6
1581	A6	484	71	5	741	76	5	7
1582	A6	484	71	12	747	83	5	7
1583	A6	484	71	1	860	72	5	8
1584	A6	484	71	8	866	79	5	8
1585	A6	485	36	5	711	41	5	7
1586	A6	485	36	12	717	48	5	7
1587	A6	485	36	1	830	37	5	8
1588	A6	485	36	8	836	44	5	8
1589	A5	486	39	3	712	42	5	7
1590	A5	486	39	10	718	49	5	7
1591	A2	487	42	0	309	42	5	3
1592	A2	487	42	7	315	49	5	3
1593	A2	487	42	3	599	45	5	6
1594	A2	487	42	10	603	52	5	6
1595	A1	488	44	1	310	45	5	3
1596	A1	488	44	8	316	52	5	3
1597	A1	488	44	4	602	48	5	6
1598	A1	488	44	11	606	55	5	6
1599	A6	491	78	5	747	83	5	7
1600	A6	491	78	12	753	90	5	7
1601	A6	491	78	1	866	79	5	8
1602	A6	491	78	8	872	86	5	8
1603	A5	492	46	3	718	49	5	7
1604	A5	492	46	10	724	56	5	7
1605	A2	493	49	0	315	49	5	3
1606	A2	493	49	7	321	56	5	3
1607	A2	493	49	3	603	52	5	6
1608	A2	493	49	10	607	59	5	6
1609	A1	494	51	1	316	52	5	3
1610	A1	494	51	8	322	59	5	3
1611	A1	494	51	4	606	55	5	6
1612	A1	494	51	11	610	62	5	6
1613	A6	497	85	5	753	90	5	7
1614	A6	497	85	12	759	97	5	7
1615	A6	497	85	1	872	86	5	8
1616	A6	497	85	8	878	93	5	8
1617	A5	498	53	3	724	56	5	7
1618	A5	498	53	10	730	63	5	7
1619	A2	499	56	0	321	56	5	3
1620	A2	499	56	7	327	63	5	3
1621	A2	499	56	3	607	59	5	6
1622	A2	499	56	10	611	66	5	6
1623	A1	500	58	1	322	59	5	3
1624	A1	500	58	8	328	66	5	3
1625	A1	500	58	4	610	62	5	6
1626	A1	500	58	11	614	69	5	6
1627	A6	503	92	5	759	97	5	7
1628	A6	503	92	12	765	104	5	7
1629	A6	503	92	1	878	93	5	8
1630	A6	503	92	8	884	100	5	8
1631	A5	504	60	3	730	63	5	7
1632	A5	504	60	10	736	70	5	7
1633	A2	505	63	0	327	63	5	3
1634	A2	505	63	7	333	70	5	3
1635	A2	505	63	3	611	66	5	6
1636	A2	505	63	10	615	73	5	6
1637	A1	506	65	1	328	66	5	3
1638	A1	506	65	8	334	73	5	3
1639	A1	506	65	4	614	69	5	6
1640	A1	506	65	11	618	76	5	6
1641	A6	509	99	5	765	104	5	7
1642	A6	509	99	12	771	111	5	7
1643	A6	509	99	1	884	100	5	8
1644	A6	509	99	8	890	107	5	8
1645	A5	510	67	3	736	70	5	7
1646	A5	510	67	10	742	77	5	7
1647	A2	511	70	0	333	70	5	3
1648	A2	511	70	7	339	77	5	3
1649	A2	511	70	3	615	73	5	6
1650	A2	511	70	10	619	80	5	6
1651	A1	512	72	1	334	73	5	3
1652	A1	512	72	8	340	80	5	3
1653	A1	512	72	4	618	76	5	6
1654	A1	512	72	11	622	83	5	6
1655	A6	515	106	5	771	111	5	7
1656	A6	515	106	12	777	118	5	7
1657	A6	515	106	1	890	107	5	8
1658	A6	515	106	8	896	114	5	8
1659	A5	516	74	3	742	77	5	7
1660	A5	516	74	10	748	84	5	7
1661	A2	517	77	0	339	77	5	3
1662	A2	517	77	7	345	84	5	3
1663	A2	517	77	3	619	80	5	6
1664	A2	517	77	10	623	87	5	6
1665	A1	518	79	1	340	80	5	3
1666	A1	518	79	8	346	87	5	3
1667	A1	518	79	4	622	83	5	6
1668	A1	518	79	11	626	90	5	6
1669	A6	521	113	5	777	118	5	7
1670	A6	521	113	12	783	125	5	7
1671	A6	521	113	1	896	114	5	8
1672	A6	521	113	8	902	121	5	8
1673	A5	522	81	3	748	84	5	7
1674	A5	522	81	10	754	91	5	7
1675	A2	523	84	0	345	84	5	3
1676	A2	523	84	7	351	91	5	3
1677	A2	523	84	3	623	87	5	6
1678	A2	523	84	10	627	94	5	6
1679	A1	524	86	1	346	87	5	3
1680	A1	524	86	8	352	94	5	3
1681	A1	524	86	4	626	90	5	6
1682	A1	524	86	11	630	97	5	6
1683	A6	527	120	5	783	125	5	7
1684	A6	527	120	12	789	132	5	7
1685	A6	527	120	1	902	121	5	8
1686	A6	527	120	8	908	128	5	8
1687	A5	528	88	3	754	91	5	7
1688	A5	528	88	10	760	98	5	7
1689	A2	529	91	0	351	91	5	3
1690	A2	529	91	7	357	98	5	3
1691	A2	529	91	3	627	94	5	6
1692	A2	529	91	10	631	101	5	6
1693	A1	530	93	1	352	94	5	3
1694	A1	530	93	8	358	101	5	3
1695	A1	530	93	4	630	97	5	6
1696	A1	530	93	11	634	104	5	6
1697	A6	533	127	5	789	132	5	7
1698	A6	533	127	12	795	139	5	7
1699	A6	533	127	1	908	128	5	8
1700	A6	533	127	8	914	135	5	8
1701	A5	534	95	3	760	98	5	7
1702	A5	534	95	10	766	105	5	7
1703	A2	535	98	0	357	98	5	3
1704	A2	535	98	7	363	105	5	3
1705	A2	535	98	3	631	101	5	6
1706	A2	535	98	10	635	108	5	6
1707	A1	536	100	1	358	101	5	3
1708	A1	536	100	8	364	108	5	3
1709	A1	536	100	4	634	104	5	6
1710	A1	536	100	11	638	111	5	6
1711	A6	539	134	5	795	139	5	7
1712	A6	539	134	1	914	135	5	8
1713	A6	539	134	8	920	142	5	8
1714	A5	540	102	3	766	105	5	7
1715	A5	540	102	10	772	112	5	7
1716	A2	541	105	0	363	105	5	3
1717	A2	541	105	7	369	112	5	3
1718	A2	541	105	3	635	108	5	6
1719	A2	541	105	10	639	115	5	6
1720	A1	542	107	1	364	108	5	3
1721	A1	542	107	8	370	115	5	3
1722	A1	542	107	4	638	111	5	6
1723	A1	542	107	11	642	118	5	6
1724	A6	545	141	1	920	142	5	8
1725	A5	546	109	3	772	112	5	7
1726	A5	546	109	10	778	119	5	7
1727	A2	547	112	0	369	112	5	3
1728	A2	547	112	7	375	119	5	3
1729	A2	547	112	3	639	115	5	6
1730	A2	547	112	10	643	122	5	6
1731	A1	548	114	1	370	115	5	3
1732	A1	548	114	8	376	122	5	3
1733	A1	548	114	4	642	118	5	6
1734	A1	548	114	11	646	125	5	6
1735	A5	552	116	3	778	119	5	7
1736	A5	552	116	10	784	126	5	7
1737	A2	553	119	0	375	119	5	3
1738	A2	553	119	7	381	126	5	3
1739	A2	553	119	3	643	122	5	6
1740	A2	553	119	10	647	129	5	6
1741	A1	554	121	1	376	122	5	3
1742	A1	554	121	8	382	129	5	3
1743	A1	554	121	4	646	125	5	6
1744	A1	554	121	11	650	132	5	6
1745	A5	558	123	3	784	126	5	7
1746	A5	558	123	10	790	133	5	7
1747	A2	559	126	0	381	126	5	3
1748	A2	559	126	7	387	133	5	3
1749	A2	559	126	3	647	129	5	6
1750	A2	559	126	10	651	136	5	6
1751	A1	560	128	1	382	129	5	3
1752	A1	560	128	8	388	136	5	3
1753	A1	560	128	4	650	132	5	6
1754	A1	560	128	11	654	139	5	6
1755	A5	564	130	3	790	133	5	7
1756	A5	564	130	10	796	140	5	7
1757	A2	565	133	0	387	133	5	3
1758	A2	565	133	7	393	140	5	3
1759	A2	565	133	3	651	136	5	6
1760	A2	565	133	10	655	143	5	6
1761	A1	566	135	1	388	136	5	3
1762	A1	566	135	8	394	143	5	3
1763	A1	566	135	4	654	139	5	6
1764	A1	566	135	11	658	146	5	6
1765	A5	570	137	3	796	140	5	7
1766	A2	571	140	0	393	140	5	3
1767	A2	571	140	3	655	143	5	6
1768	A2	571	140	10	659	150	5	6
1769	A1	572	142	1	394	143	5	3
1770	A1	572	142	4	658	146	5	6
1771	A1	572	142	11	662	153	5	6
1772	A1	577	6	4	275	10	6	3
1773	A1	577	6	11	282	17	6	3
1774	A1	577	6	3	453	9	6	5
1775	A1	577	6	10	460	16	6	5
1776	A2	578	10	4	281	14	6	3
1777	A2	578	10	11	288	21	6	3
1778	A2	578	10	4	459	14	6	5
1779	A2	578	10	11	466	21	6	5
1780	A1	582	13	4	282	17	6	3
1781	A1	582	13	11	289	24	6	3
1782	A1	582	13	3	460	16	6	5
1783	A1	582	13	10	467	23	6	5
1784	A2	583	17	4	288	21	6	3
1785	A2	583	17	11	295	28	6	3
1786	A2	583	17	4	466	21	6	5
1787	A2	583	17	11	473	28	6	5
1788	A1	586	20	4	289	24	6	3
1789	A1	586	20	11	296	31	6	3
1790	A1	586	20	3	467	23	6	5
1791	A1	586	20	10	474	30	6	5
1792	A2	587	24	4	295	28	6	3
1793	A2	587	24	11	302	35	6	3
1794	A2	587	24	4	473	28	6	5
1795	A2	587	24	11	480	35	6	5
1796	A1	590	27	4	296	31	6	3
1797	A1	590	27	11	303	38	6	3
1798	A1	590	27	3	474	30	6	5
1799	A1	590	27	10	481	37	6	5
1800	A2	591	31	4	302	35	6	3
1801	A2	591	31	11	309	42	6	3
1802	A2	591	31	4	480	35	6	5
1803	A2	591	31	11	487	42	6	5
1804	A1	594	34	4	303	38	6	3
1805	A1	594	34	11	310	45	6	3
1806	A1	594	34	3	481	37	6	5
1807	A1	594	34	10	488	44	6	5
1808	A2	595	38	4	309	42	6	3
1809	A2	595	38	11	315	49	6	3
1810	A2	595	38	4	487	42	6	5
1811	A2	595	38	11	493	49	6	5
1812	A1	598	41	4	310	45	6	3
1813	A1	598	41	11	316	52	6	3
1814	A1	598	41	3	488	44	6	5
1815	A1	598	41	10	494	51	6	5
1816	A2	599	45	4	315	49	6	3
1817	A2	599	45	11	321	56	6	3
1818	A2	599	45	4	493	49	6	5
1819	A2	599	45	11	499	56	6	5
1820	A1	602	48	4	316	52	6	3
1821	A1	602	48	11	322	59	6	3
1822	A1	602	48	3	494	51	6	5
1823	A1	602	48	10	500	58	6	5
1824	A2	603	52	4	321	56	6	3
1825	A2	603	52	11	327	63	6	3
1826	A2	603	52	4	499	56	6	5
1827	A2	603	52	11	505	63	6	5
1828	A1	606	55	4	322	59	6	3
1829	A1	606	55	11	328	66	6	3
1830	A1	606	55	3	500	58	6	5
1831	A1	606	55	10	506	65	6	5
1832	A2	607	59	4	327	63	6	3
1833	A2	607	59	11	333	70	6	3
1834	A2	607	59	4	505	63	6	5
1835	A2	607	59	11	511	70	6	5
1836	A1	610	62	4	328	66	6	3
1837	A1	610	62	11	334	73	6	3
1838	A1	610	62	3	506	65	6	5
1839	A1	610	62	10	512	72	6	5
1840	A2	611	66	4	333	70	6	3
1841	A2	611	66	11	339	77	6	3
1842	A2	611	66	4	511	70	6	5
1843	A2	611	66	11	517	77	6	5
1844	A1	614	69	4	334	73	6	3
1845	A1	614	69	11	340	80	6	3
1846	A1	614	69	3	512	72	6	5
1847	A1	614	69	10	518	79	6	5
1848	A2	615	73	4	339	77	6	3
1849	A2	615	73	11	345	84	6	3
1850	A2	615	73	4	517	77	6	5
1851	A2	615	73	11	523	84	6	5
1852	A1	618	76	4	340	80	6	3
1853	A1	618	76	11	346	87	6	3
1854	A1	618	76	3	518	79	6	5
1855	A1	618	76	10	524	86	6	5
1856	A2	619	80	4	345	84	6	3
1857	A2	619	80	11	351	91	6	3
1858	A2	619	80	4	523	84	6	5
1859	A2	619	80	11	529	91	6	5
1860	A1	622	83	4	346	87	6	3
1861	A1	622	83	11	352	94	6	3
1862	A1	622	83	3	524	86	6	5
1863	A1	622	83	10	530	93	6	5
1864	A2	623	87	4	351	91	6	3
1865	A2	623	87	11	357	98	6	3
1866	A2	623	87	4	529	91	6	5
1867	A2	623	87	11	535	98	6	5
1868	A1	626	90	4	352	94	6	3
1869	A1	626	90	11	358	101	6	3
1870	A1	626	90	3	530	93	6	5
1871	A1	626	90	10	536	100	6	5
1872	A2	627	94	4	357	98	6	3
1873	A2	627	94	11	363	105	6	3
1874	A2	627	94	4	535	98	6	5
1875	A2	627	94	11	541	105	6	5
1876	A1	630	97	4	358	101	6	3
1877	A1	630	97	11	364	108	6	3
1878	A1	630	97	3	536	100	6	5
1879	A1	630	97	10	542	107	6	5
1880	A2	631	101	4	363	105	6	3
1881	A2	631	101	11	369	112	6	3
1882	A2	631	101	4	541	105	6	5
1883	A2	631	101	11	547	112	6	5
1884	A1	634	104	4	364	108	6	3
1885	A1	634	104	11	370	115	6	3
1886	A1	634	104	3	542	107	6	5
1887	A1	634	104	10	548	114	6	5
1888	A2	635	108	4	369	112	6	3
1889	A2	635	108	11	375	119	6	3
1890	A2	635	108	4	547	112	6	5
1891	A2	635	108	11	553	119	6	5
1892	A1	638	111	4	370	115	6	3
1893	A1	638	111	11	376	122	6	3
1894	A1	638	111	3	548	114	6	5
1895	A1	638	111	10	554	121	6	5
1896	A2	639	115	4	375	119	6	3
1897	A2	639	115	11	381	126	6	3
1898	A2	639	115	4	553	119	6	5
1899	A2	639	115	11	559	126	6	5
1900	A1	642	118	4	376	122	6	3
1901	A1	642	118	11	382	129	6	3
1902	A1	642	118	3	554	121	6	5
1903	A1	642	118	10	560	128	6	5
1904	A2	643	122	4	381	126	6	3
1905	A2	643	122	11	387	133	6	3
1906	A2	643	122	4	559	126	6	5
1907	A2	643	122	11	565	133	6	5
1908	A1	646	125	4	382	129	6	3
1909	A1	646	125	11	388	136	6	3
1910	A1	646	125	3	560	128	6	5
1911	A1	646	125	10	566	135	6	5
1912	A2	647	129	4	387	133	6	3
1913	A2	647	129	11	393	140	6	3
1914	A2	647	129	4	565	133	6	5
1915	A2	647	129	11	571	140	6	5
1916	A1	650	132	4	388	136	6	3
1917	A1	650	132	11	394	143	6	3
1918	A1	650	132	3	566	135	6	5
1919	A1	650	132	10	572	142	6	5
1920	A2	651	136	4	393	140	6	3
1921	A2	651	136	4	571	140	6	5
1922	A1	654	139	4	394	143	6	3
1923	A1	654	139	3	572	142	6	5
1924	A4	675	4	3	800	7	7	8
1925	A4	675	4	10	807	14	7	8
1926	A6	676	6	2	457	8	7	5
1927	A6	676	6	9	464	15	7	5
1928	A6	676	6	3	802	9	7	8
1929	A6	676	6	10	809	16	7	8
1930	A5	677	7	4	458	11	7	5
1931	A5	677	7	11	465	18	7	5
1932	B2	678	22	0	276	22	7	3
1933	B2	678	22	7	283	29	7	3
1934	A4	682	11	3	807	14	7	8
1935	A4	682	11	10	814	21	7	8
1936	A6	683	13	2	464	15	7	5
1937	A6	683	13	9	471	22	7	5
1938	A6	683	13	3	809	16	7	8
1939	A6	683	13	10	816	23	7	8
1940	A5	684	14	4	465	18	7	5
1941	A5	684	14	11	472	25	7	5
1942	B2	685	29	0	283	29	7	3
1943	B2	685	29	7	290	36	7	3
1944	A4	689	18	3	814	21	7	8
1945	A4	689	18	10	821	28	7	8
1946	A6	690	20	2	471	22	7	5
1947	A6	690	20	9	478	29	7	5
1948	A6	690	20	3	816	23	7	8
1949	A6	690	20	10	823	30	7	8
1950	A5	691	21	4	472	25	7	5
1951	A5	691	21	11	479	32	7	5
1952	B2	692	36	0	290	36	7	3
1953	B2	692	36	7	297	43	7	3
1954	A4	696	25	3	821	28	7	8
1955	A4	696	25	10	828	35	7	8
1956	A6	697	27	2	478	29	7	5
1957	A6	697	27	9	485	36	7	5
1958	A6	697	27	3	823	30	7	8
1959	A6	697	27	10	830	37	7	8
1960	A5	698	28	4	479	32	7	5
1961	A5	698	28	11	486	39	7	5
1962	B2	699	43	0	297	43	7	3
1963	B2	699	43	7	304	50	7	3
1964	A4	703	32	10	806	42	7	8
1965	A4	703	32	3	828	35	7	8
1966	A6	704	34	9	456	43	7	5
1967	A6	704	34	2	485	36	7	5
1968	A6	704	34	3	830	37	7	8
1969	A6	704	34	10	836	44	7	8
1970	A5	705	35	4	486	39	7	5
1971	A5	705	35	11	492	46	7	5
1972	B2	706	50	0	304	50	7	3
1973	B2	706	50	7	311	57	7	3
1974	A4	710	39	3	806	42	7	8
1975	A4	710	39	10	813	49	7	8
1976	A6	711	41	2	456	43	7	5
1977	A6	711	41	9	463	50	7	5
1978	A6	711	41	3	836	44	7	8
1979	A6	711	41	10	842	51	7	8
1980	A5	712	42	4	492	46	7	5
1981	A5	712	42	11	498	53	7	5
1982	B2	713	57	0	311	57	7	3
1983	B2	713	57	7	317	64	7	3
1984	A4	716	46	3	813	49	7	8
1985	A4	716	46	10	820	56	7	8
1986	A6	717	48	2	463	50	7	5
1987	A6	717	48	9	470	57	7	5
1988	A6	717	48	3	842	51	7	8
1989	A6	717	48	10	848	58	7	8
1990	A5	718	49	4	498	53	7	5
1991	A5	718	49	11	504	60	7	5
1992	B2	719	64	0	317	64	7	3
1993	B2	719	64	7	323	71	7	3
1994	A4	722	53	3	820	56	7	8
1995	A4	722	53	10	827	63	7	8
1996	A6	723	55	2	470	57	7	5
1997	A6	723	55	9	477	64	7	5
1998	A6	723	55	3	848	58	7	8
1999	A6	723	55	10	854	65	7	8
2000	A5	724	56	4	504	60	7	5
2001	A5	724	56	11	510	67	7	5
2002	B2	725	71	0	323	71	7	3
2003	B2	725	71	7	329	78	7	3
2004	A4	728	60	3	827	63	7	8
2005	A4	728	60	10	834	70	7	8
2006	A6	729	62	2	477	64	7	5
2007	A6	729	62	9	484	71	7	5
2008	A6	729	62	3	854	65	7	8
2009	A6	729	62	10	860	72	7	8
2010	A5	730	63	4	510	67	7	5
2011	A5	730	63	11	516	74	7	5
2012	B2	731	78	0	329	78	7	3
2013	B2	731	78	7	335	85	7	3
2014	A4	734	67	3	834	70	7	8
2015	A4	734	67	10	840	77	7	8
2016	A6	735	69	2	484	71	7	5
2017	A6	735	69	9	491	78	7	5
2018	A6	735	69	3	860	72	7	8
2019	A6	735	69	10	866	79	7	8
2020	A5	736	70	4	516	74	7	5
2021	A5	736	70	11	522	81	7	5
2022	B2	737	85	0	335	85	7	3
2023	B2	737	85	7	341	92	7	3
2024	A4	740	74	3	840	77	7	8
2025	A4	740	74	10	846	84	7	8
2026	A6	741	76	2	491	78	7	5
2027	A6	741	76	9	497	85	7	5
2028	A6	741	76	3	866	79	7	8
2029	A6	741	76	10	872	86	7	8
2030	A5	742	77	4	522	81	7	5
2031	A5	742	77	11	528	88	7	5
2032	B2	743	92	0	341	92	7	3
2033	B2	743	92	7	347	99	7	3
2034	A4	746	81	3	846	84	7	8
2035	A4	746	81	10	852	91	7	8
2036	A6	747	83	2	497	85	7	5
2037	A6	747	83	9	503	92	7	5
2038	A6	747	83	3	872	86	7	8
2039	A6	747	83	10	878	93	7	8
2040	A5	748	84	4	528	88	7	5
2041	A5	748	84	11	534	95	7	5
2042	B2	749	99	0	347	99	7	3
2043	B2	749	99	7	353	106	7	3
2044	A4	752	88	3	852	91	7	8
2045	A4	752	88	10	858	98	7	8
2046	A6	753	90	2	503	92	7	5
2047	A6	753	90	9	509	99	7	5
2048	A6	753	90	3	878	93	7	8
2049	A6	753	90	10	884	100	7	8
2050	A5	754	91	4	534	95	7	5
2051	A5	754	91	11	540	102	7	5
2052	B2	755	106	0	353	106	7	3
2053	B2	755	106	7	359	113	7	3
2054	A4	758	95	3	858	98	7	8
2055	A4	758	95	10	864	105	7	8
2056	A6	759	97	2	509	99	7	5
2057	A6	759	97	9	515	106	7	5
2058	A6	759	97	3	884	100	7	8
2059	A6	759	97	10	890	107	7	8
2060	A5	760	98	4	540	102	7	5
2061	A5	760	98	11	546	109	7	5
2062	B2	761	113	0	359	113	7	3
2063	B2	761	113	7	365	120	7	3
2064	A4	764	102	3	864	105	7	8
2065	A4	764	102	10	870	112	7	8
2066	A6	765	104	2	515	106	7	5
2067	A6	765	104	9	521	113	7	5
2068	A6	765	104	3	890	107	7	8
2069	A6	765	104	10	896	114	7	8
2070	A5	766	105	4	546	109	7	5
2071	A5	766	105	11	552	116	7	5
2072	B2	767	120	0	365	120	7	3
2073	B2	767	120	7	371	127	7	3
2074	A4	770	109	3	870	112	7	8
2075	A4	770	109	10	876	119	7	8
2076	A6	771	111	2	521	113	7	5
2077	A6	771	111	9	527	120	7	5
2078	A6	771	111	3	896	114	7	8
2079	A6	771	111	10	902	121	7	8
2080	A5	772	112	4	552	116	7	5
2081	A5	772	112	11	558	123	7	5
2082	B2	773	127	0	371	127	7	3
2083	B2	773	127	7	377	134	7	3
2084	A4	776	116	3	876	119	7	8
2085	A4	776	116	10	882	126	7	8
2086	A6	777	118	2	527	120	7	5
2087	A6	777	118	9	533	127	7	5
2088	A6	777	118	3	902	121	7	8
2089	A6	777	118	10	908	128	7	8
2090	A5	778	119	4	558	123	7	5
2091	A5	778	119	11	564	130	7	5
2092	B2	779	134	0	377	134	7	3
2093	B2	779	134	7	383	141	7	3
2094	A4	782	123	3	882	126	7	8
2095	A4	782	123	10	888	133	7	8
2096	A6	783	125	2	533	127	7	5
2097	A6	783	125	9	539	134	7	5
2098	A6	783	125	3	908	128	7	8
2099	A6	783	125	10	914	135	7	8
2100	A5	784	126	4	564	130	7	5
2101	A5	784	126	11	570	137	7	5
2102	B2	785	141	0	383	141	7	3
2103	B2	785	141	7	389	148	7	3
2104	A4	788	130	3	888	133	7	8
2105	A4	788	130	10	894	140	7	8
2106	A6	789	132	2	539	134	7	5
2107	A6	789	132	9	545	141	7	5
2108	A6	789	132	3	914	135	7	8
2109	A6	789	132	10	920	142	7	8
2110	A5	790	133	4	570	137	7	5
2111	B2	791	148	0	389	148	7	3
2112	B2	791	148	7	395	155	7	3
2113	A4	794	137	3	894	140	7	8
2114	A4	794	137	10	900	147	7	8
2115	A6	795	139	2	545	141	7	5
2116	A6	795	139	9	551	148	7	5
2117	A6	795	139	3	920	142	7	8
2118	B2	797	155	0	395	155	7	3
2119	A4	800	7	4	682	11	8	7
2120	A4	800	7	11	689	18	8	7
2121	A6	802	9	6	464	15	8	5
2122	A6	802	9	13	471	22	8	5
2123	A6	802	9	4	683	13	8	7
2124	A6	802	9	11	690	20	8	7
2125	A4	806	42	4	716	46	8	7
2126	A4	806	42	11	722	53	8	7
2127	A4	807	14	4	689	18	8	7
2128	A4	807	14	11	696	25	8	7
2129	A6	809	16	6	471	22	8	5
2130	A6	809	16	13	478	29	8	5
2131	A6	809	16	4	690	20	8	7
2132	A6	809	16	11	697	27	8	7
2133	A4	813	49	4	722	53	8	7
2134	A4	813	49	11	728	60	8	7
2135	A4	814	21	4	696	25	8	7
2136	A4	814	21	11	703	32	8	7
2137	A6	816	23	6	478	29	8	5
2138	A6	816	23	13	485	36	8	5
2139	A6	816	23	4	697	27	8	7
2140	A6	816	23	11	704	34	8	7
2141	A4	820	56	4	728	60	8	7
2142	A4	820	56	11	734	67	8	7
2143	A4	821	28	4	703	32	8	7
2144	A4	821	28	11	710	39	8	7
2145	A6	823	30	13	456	43	8	5
2146	A6	823	30	6	485	36	8	5
2147	A6	823	30	4	704	34	8	7
2148	A6	823	30	11	711	41	8	7
2149	A4	827	63	4	734	67	8	7
2150	A4	827	63	11	740	74	8	7
2151	A4	828	35	4	710	39	8	7
2152	A4	828	35	11	716	46	8	7
2153	A6	830	37	6	456	43	8	5
2154	A6	830	37	13	463	50	8	5
2155	A6	830	37	4	711	41	8	7
2156	A6	830	37	11	717	48	8	7
2157	A4	834	70	4	740	74	8	7
2158	A4	834	70	11	746	81	8	7
2159	A6	836	44	6	463	50	8	5
2160	A6	836	44	13	470	57	8	5
2161	A6	836	44	4	717	48	8	7
2162	A6	836	44	11	723	55	8	7
2163	A4	840	77	4	746	81	8	7
2164	A4	840	77	11	752	88	8	7
2165	A6	842	51	6	470	57	8	5
2166	A6	842	51	13	477	64	8	5
2167	A6	842	51	4	723	55	8	7
2168	A6	842	51	11	729	62	8	7
2169	A4	846	84	4	752	88	8	7
2170	A4	846	84	11	758	95	8	7
2171	A6	848	58	6	477	64	8	5
2172	A6	848	58	13	484	71	8	5
2173	A6	848	58	4	729	62	8	7
2174	A6	848	58	11	735	69	8	7
2175	A4	852	91	4	758	95	8	7
2176	A4	852	91	11	764	102	8	7
2177	A6	854	65	6	484	71	8	5
2178	A6	854	65	13	491	78	8	5
2179	A6	854	65	4	735	69	8	7
2180	A6	854	65	11	741	76	8	7
2181	A4	858	98	4	764	102	8	7
2182	A4	858	98	11	770	109	8	7
2183	A6	860	72	6	491	78	8	5
2184	A6	860	72	13	497	85	8	5
2185	A6	860	72	4	741	76	8	7
2186	A6	860	72	11	747	83	8	7
2187	A4	864	105	4	770	109	8	7
2188	A4	864	105	11	776	116	8	7
2189	A6	866	79	6	497	85	8	5
2190	A6	866	79	13	503	92	8	5
2191	A6	866	79	4	747	83	8	7
2192	A6	866	79	11	753	90	8	7
2193	A4	870	112	4	776	116	8	7
2194	A4	870	112	11	782	123	8	7
2195	A6	872	86	6	503	92	8	5
2196	A6	872	86	13	509	99	8	5
2197	A6	872	86	4	753	90	8	7
2198	A6	872	86	11	759	97	8	7
2199	A4	876	119	4	782	123	8	7
2200	A4	876	119	11	788	130	8	7
2201	A6	878	93	6	509	99	8	5
2202	A6	878	93	13	515	106	8	5
2203	A6	878	93	4	759	97	8	7
2204	A6	878	93	11	765	104	8	7
2205	A4	882	126	4	788	130	8	7
2206	A4	882	126	11	794	137	8	7
2207	A6	884	100	6	515	106	8	5
2208	A6	884	100	13	521	113	8	5
2209	A6	884	100	4	765	104	8	7
2210	A6	884	100	11	771	111	8	7
2211	A4	888	133	4	794	137	8	7
2212	A6	890	107	6	521	113	8	5
2213	A6	890	107	13	527	120	8	5
2214	A6	890	107	4	771	111	8	7
2215	A6	890	107	11	777	118	8	7
2216	A6	896	114	6	527	120	8	5
2217	A6	896	114	13	533	127	8	5
2218	A6	896	114	4	777	118	8	7
2219	A6	896	114	11	783	125	8	7
2220	A6	902	121	6	533	127	8	5
2221	A6	902	121	13	539	134	8	5
2222	A6	902	121	4	783	125	8	7
2223	A6	902	121	11	789	132	8	7
2224	A6	908	128	6	539	134	8	5
2225	A6	908	128	13	545	141	8	5
2226	A6	908	128	4	789	132	8	7
2227	A6	908	128	11	795	139	8	7
2228	A6	914	135	6	545	141	8	5
2229	A6	914	135	13	551	148	8	5
2230	A6	914	135	4	795	139	8	7
2231	A6	920	142	6	551	148	8	5
2232	A6	920	142	13	557	155	8	5
