VesselPathID	VesselRouteID	NumOfArcs	ArcIDs	originTime	destinationTime
1	1	12	1,2,3,4,5,6,7,8,9,10,11,12	5	96
2	1	12	13,14,15,16,17,18,19,20,21,22,23,24	12	103
3	1	12	25,26,27,28,29,30,31,32,33,34,35,36	19	110
4	1	12	37,38,39,40,41,42,43,44,45,46,47,48	26	117
5	1	12	49,50,51,52,53,54,55,56,57,58,59,60	33	124
6	1	12	61,62,63,64,65,66,67,68,69,70,71,72	40	131
7	1	12	73,74,75,76,77,78,79,80,81,82,83,84	47	138
8	1	12	85,86,87,88,89,90,91,92,93,94,95,96	54	145
9	1	12	97,98,99,100,101,102,103,104,105,106,107,108	61	152
10	1	12	109,110,111,112,113,114,115,116,117,118,119,120	68	159
11	1	12	121,122,123,124,125,126,127,128,129,130,131,132	75	166
12	1	12	133,134,135,136,137,138,139,140,141,142,143,144	82	173
13	1	11	145,146,147,148,149,150,151,152,153,154,155	89	145
14	2	7	156,157,158,159,160,161,162	5	75
15	2	7	164,165,166,167,168,169,170	12	82
16	2	7	172,173,174,175,176,177,178	19	89
17	2	7	180,181,182,183,184,185,186	26	96
18	2	7	188,189,190,191,192,193,194	33	103
19	2	7	196,197,198,199,200,201,202	40	110
20	2	7	204,205,206,207,208,209,210	47	117
21	2	7	211,212,213,214,215,216,217	54	124
22	2	7	218,219,220,221,222,223,224	61	131
23	2	7	225,226,227,228,229,230,231	68	138
24	2	7	163,232,233,234,235,236,237	75	145
25	2	7	171,238,239,240,241,242,243	82	152
26	2	7	179,244,245,246,247,248,249	89	159
27	2	7	187,250,251,252,253,254,255	96	166
28	2	7	195,256,257,258,259,260,261	103	173
29	2	6	203,262,263,264,265,266	110	149
30	3	7	267,268,269,270,271,272,273	5	82
31	3	7	275,276,277,278,279,280,281	12	89
32	3	7	283,284,285,286,287,288,289	19	96
33	3	7	291,292,293,294,295,296,297	26	103
34	3	7	299,300,301,302,303,304,305	33	110
35	3	7	306,307,308,309,310,311,312	40	117
36	3	7	313,314,315,316,317,318,319	47	124
37	3	7	320,321,322,323,324,325,326	54	131
38	3	7	327,328,329,330,331,332,333	61	138
39	3	7	334,335,336,337,338,339,340	68	145
40	3	7	341,342,343,344,345,346,347	75	152
41	3	7	274,348,349,350,351,352,353	82	159
42	3	7	282,354,355,356,357,358,359	89	166
43	3	7	290,360,361,362,363,364,365	96	173
44	3	6	298,366,367,368,369,370	103	143
45	4	10	371,372,373,374,375,376,377,378,379,380	5	89
46	4	10	382,383,384,385,386,387,388,389,390,391	12	96
47	4	10	393,394,395,396,397,398,399,400,401,402	19	103
48	4	10	403,404,405,406,407,408,409,410,411,412	26	110
49	4	10	413,414,415,416,417,418,419,420,421,422	33	117
50	4	10	423,424,425,426,427,428,429,430,431,432	40	124
51	4	10	433,434,435,436,437,438,439,440,441,442	47	131
52	4	10	443,444,445,446,447,448,449,450,451,452	54	138
53	4	10	453,454,455,456,457,458,459,460,461,462	61	145
54	4	10	463,464,465,466,467,468,469,470,471,472	68	152
55	4	10	473,474,475,476,477,478,479,480,481,482	75	159
56	4	10	483,484,485,486,487,488,489,490,491,492	82	166
57	4	10	381,493,494,495,496,497,498,499,500,501	89	173
58	4	9	392,502,503,504,505,506,507,508,509	96	141
59	5	9	510,511,512,513,514,515,516,517,518	5	75
60	5	9	520,521,522,523,524,525,526,527,528	12	82
61	5	9	530,531,532,533,534,535,536,537,538	19	89
62	5	9	540,541,542,543,544,545,546,547,548	26	96
63	5	9	550,551,552,553,554,555,556,557,558	33	103
64	5	9	560,561,562,563,564,565,566,567,568	40	110
65	5	9	570,571,572,573,574,575,576,577,578	47	117
66	5	9	579,580,581,582,583,584,585,586,587	54	124
67	5	9	588,589,590,591,592,593,594,595,596	61	131
68	5	9	597,598,599,600,601,602,603,604,605	68	138
69	5	9	519,606,607,608,609,610,611,612,613	75	145
70	5	9	529,614,615,616,617,618,619,620,621	82	152
71	5	9	539,622,623,624,625,626,627,628,629	89	159
72	5	9	549,630,631,632,633,634,635,636,637	96	166
73	5	9	559,638,639,640,641,642,643,644,645	103	173
74	5	8	569,646,647,648,649,650,651,652	110	152
75	6	7	653,654,655,656,657,658,659	5	54
76	6	7	661,662,663,664,665,666,667	12	61
77	6	7	669,670,671,672,673,674,675	19	68
78	6	7	677,678,679,680,681,682,683	26	75
79	6	7	685,686,687,688,689,690,691	33	82
80	6	7	693,694,695,696,697,698,699	40	89
81	6	7	701,702,703,704,705,706,707	47	96
82	6	7	660,709,710,711,712,713,714	54	103
83	6	7	668,716,717,718,719,720,721	61	110
84	6	7	676,723,724,725,726,727,728	68	117
85	6	7	684,730,731,732,733,734,735	75	124
86	6	7	692,737,738,739,740,741,742	82	131
87	6	7	700,744,745,746,747,748,749	89	138
88	6	7	708,750,751,752,753,754,755	96	145
89	6	7	715,756,757,758,759,760,761	103	152
90	6	7	722,762,763,764,765,766,767	110	159
91	6	7	729,768,769,770,771,772,773	117	166
92	6	7	736,774,775,776,777,778,779	124	173
93	6	6	743,780,781,782,783,784	131	176
94	7	9	785,786,787,788,789,790,791,792,793	5	47
95	7	9	795,796,797,798,799,800,801,802,803	12	54
96	7	9	805,806,807,808,809,810,811,812,813	19	61
97	7	9	815,816,817,818,819,820,821,822,823	26	68
98	7	9	825,826,827,828,829,830,831,832,833	33	75
99	7	9	835,836,837,838,839,840,841,842,843	40	82
100	7	9	794,845,846,847,848,849,850,851,852	47	89
101	7	9	804,854,855,856,857,858,859,860,861	54	96
102	7	9	814,863,864,865,866,867,868,869,870	61	103
103	7	9	824,872,873,874,875,876,877,878,879	68	110
104	7	9	834,881,882,883,884,885,886,887,888	75	117
105	7	9	844,890,891,892,893,894,895,896,897	82	124
106	7	9	853,899,900,901,902,903,904,905,906	89	131
107	7	9	862,908,909,910,911,912,913,914,915	96	138
108	7	9	871,917,918,919,920,921,922,923,924	103	145
109	7	9	880,925,926,927,928,929,930,931,932	110	152
110	7	9	889,933,934,935,936,937,938,939,940	117	159
111	7	9	898,941,942,943,944,945,946,947,948	124	166
112	7	9	907,949,950,951,952,953,954,955,956	131	173
113	7	8	916,957,958,959,960,961,962,963	138	176
114	8	6	964,965,966,967,968,969	5	47
115	8	6	971,972,973,974,975,976	12	54
116	8	6	978,979,980,981,982,983	19	61
117	8	6	985,986,987,988,989,990	26	68
118	8	6	992,993,994,995,996,997	33	75
119	8	6	999,1000,1001,1002,1003,1004	40	82
120	8	6	970,1006,1007,1008,1009,1010	47	89
121	8	6	977,1012,1013,1014,1015,1016	54	96
122	8	6	984,1018,1019,1020,1021,1022	61	103
123	8	6	991,1024,1025,1026,1027,1028	68	110
124	8	6	998,1030,1031,1032,1033,1034	75	117
125	8	6	1005,1036,1037,1038,1039,1040	82	124
126	8	6	1011,1042,1043,1044,1045,1046	89	131
127	8	6	1017,1048,1049,1050,1051,1052	96	138
128	8	6	1023,1054,1055,1056,1057,1058	103	145
129	8	6	1029,1059,1060,1061,1062,1063	110	152
130	8	6	1035,1064,1065,1066,1067,1068	117	159
131	8	6	1041,1069,1070,1071,1072,1073	124	166
132	8	6	1047,1074,1075,1076,1077,1078	131	173
133	8	5	1053,1079,1080,1081,1082	138	162
134	9	6	1083,1084,1085,1086,1087,1088	5	47
135	9	6	1090,1091,1092,1093,1094,1095	12	54
136	9	6	1097,1098,1099,1100,1101,1102	19	61
137	9	6	1104,1105,1106,1107,1108,1109	26	68
138	9	6	1111,1112,1113,1114,1115,1116	33	75
139	9	6	1118,1119,1120,1121,1122,1123	40	82
140	9	6	1089,1125,1126,1127,1128,1129	47	89
141	9	6	1096,1131,1132,1133,1134,1135	54	96
142	9	6	1103,1137,1138,1139,1140,1141	61	103
143	9	6	1110,1143,1144,1145,1146,1147	68	110
144	9	6	1117,1149,1150,1151,1152,1153	75	117
145	9	6	1124,1155,1156,1157,1158,1159	82	124
146	9	6	1130,1161,1162,1163,1164,1165	89	131
147	9	6	1136,1167,1168,1169,1170,1171	96	138
148	9	6	1142,1173,1174,1175,1176,1177	103	145
149	9	6	1148,1178,1179,1180,1181,1182	110	152
150	9	6	1154,1183,1184,1185,1186,1187	117	159
151	9	6	1160,1188,1189,1190,1191,1192	124	166
152	9	6	1166,1193,1194,1195,1196,1197	131	173
153	9	5	1172,1198,1199,1200,1201	138	178
154	10	5	1202,1203,1204,1205,1206	5	47
155	10	5	1208,1209,1210,1211,1212	12	54
156	10	5	1214,1215,1216,1217,1218	19	61
157	10	5	1220,1221,1222,1223,1224	26	68
158	10	5	1226,1227,1228,1229,1230	33	75
159	10	5	1232,1233,1234,1235,1236	40	82
160	10	5	1207,1238,1239,1240,1241	47	89
161	10	5	1213,1243,1244,1245,1246	54	96
162	10	5	1219,1248,1249,1250,1251	61	103
163	10	5	1225,1253,1254,1255,1256	68	110
164	10	5	1231,1258,1259,1260,1261	75	117
165	10	5	1237,1263,1264,1265,1266	82	124
166	10	5	1242,1268,1269,1270,1271	89	131
167	10	5	1247,1273,1274,1275,1276	96	138
168	10	5	1252,1278,1279,1280,1281	103	145
169	10	5	1257,1282,1283,1284,1285	110	152
170	10	5	1262,1286,1287,1288,1289	117	159
171	10	5	1267,1290,1291,1292,1293	124	166
172	10	5	1272,1294,1295,1296,1297	131	173
173	10	4	1277,1298,1299,1300	138	176
174	11	9	1301,1302,1303,1304,1305,1306,1307,1308,1309	5	61
175	11	9	1311,1312,1313,1314,1315,1316,1317,1318,1319	12	68
176	11	9	1321,1322,1323,1324,1325,1326,1327,1328,1329	19	75
177	11	9	1331,1332,1333,1334,1335,1336,1337,1338,1339	26	82
178	11	9	1341,1342,1343,1344,1345,1346,1347,1348,1349	33	89
179	11	9	1351,1352,1353,1354,1355,1356,1357,1358,1359	40	96
180	11	9	1361,1362,1363,1364,1365,1366,1367,1368,1369	47	103
181	11	9	1371,1372,1373,1374,1375,1376,1377,1378,1379	54	110
182	11	9	1310,1381,1382,1383,1384,1385,1386,1387,1388	61	117
183	11	9	1320,1390,1391,1392,1393,1394,1395,1396,1397	68	124
184	11	9	1330,1399,1400,1401,1402,1403,1404,1405,1406	75	131
185	11	9	1340,1407,1408,1409,1410,1411,1412,1413,1414	82	138
186	11	9	1350,1415,1416,1417,1418,1419,1420,1421,1422	89	145
187	11	9	1360,1423,1424,1425,1426,1427,1428,1429,1430	96	152
188	11	9	1370,1431,1432,1433,1434,1435,1436,1437,1438	103	159
189	11	9	1380,1439,1440,1441,1442,1443,1444,1445,1446	110	166
190	11	9	1389,1447,1448,1449,1450,1451,1452,1453,1454	117	173
191	11	8	1398,1455,1456,1457,1458,1459,1460,1461	124	178
192	12	7	1462,1463,1464,1465,1466,1467,1468	5	54
193	12	7	1470,1471,1472,1473,1474,1475,1476	12	61
194	12	7	1478,1479,1480,1481,1482,1483,1484	19	68
195	12	7	1486,1487,1488,1489,1490,1491,1492	26	75
196	12	7	1494,1495,1496,1497,1498,1499,1500	33	82
197	12	7	1502,1503,1504,1505,1506,1507,1508	40	89
198	12	7	1510,1511,1512,1513,1514,1515,1516	47	96
199	12	7	1469,1518,1519,1520,1521,1522,1523	54	103
200	12	7	1477,1525,1526,1527,1528,1529,1530	61	110
201	12	7	1485,1532,1533,1534,1535,1536,1537	68	117
202	12	7	1493,1539,1540,1541,1542,1543,1544	75	124
203	12	7	1501,1546,1547,1548,1549,1550,1551	82	131
204	12	7	1509,1553,1554,1555,1556,1557,1558	89	138
205	12	7	1517,1559,1560,1561,1562,1563,1564	96	145
206	12	7	1524,1565,1566,1567,1568,1569,1570	103	152
207	12	7	1531,1571,1572,1573,1574,1575,1576	110	159
208	12	7	1538,1577,1578,1579,1580,1581,1582	117	166
209	12	7	1545,1583,1584,1585,1586,1587,1588	124	173
210	12	6	1552,1589,1590,1591,1592,1593	131	176
211	13	6	1594,1595,1596,1597,1598,1599	5	47
212	13	6	1601,1602,1603,1604,1605,1606	12	54
213	13	6	1608,1609,1610,1611,1612,1613	19	61
214	13	6	1615,1616,1617,1618,1619,1620	26	68
215	13	6	1622,1623,1624,1625,1626,1627	33	75
216	13	6	1629,1630,1631,1632,1633,1634	40	82
217	13	6	1600,1636,1637,1638,1639,1640	47	89
218	13	6	1607,1642,1643,1644,1645,1646	54	96
219	13	6	1614,1648,1649,1650,1651,1652	61	103
220	13	6	1621,1654,1655,1656,1657,1658	68	110
221	13	6	1628,1660,1661,1662,1663,1664	75	117
222	13	6	1635,1666,1667,1668,1669,1670	82	124
223	13	6	1641,1672,1673,1674,1675,1676	89	131
224	13	6	1647,1678,1679,1680,1681,1682	96	138
225	13	6	1653,1684,1685,1686,1687,1688	103	145
226	13	6	1659,1689,1690,1691,1692,1693	110	152
227	13	6	1665,1694,1695,1696,1697,1698	117	159
228	13	6	1671,1699,1700,1701,1702,1703	124	166
229	13	6	1677,1704,1705,1706,1707,1708	131	173
230	13	5	1683,1709,1710,1711,1712	138	160
231	14	5	1713,1714,1715,1716,1717	5	54
232	14	5	1719,1720,1721,1722,1723	12	61
233	14	5	1725,1726,1727,1728,1729	19	68
234	14	5	1731,1732,1733,1734,1735	26	75
235	14	5	1737,1738,1739,1740,1741	33	82
236	14	5	1743,1744,1745,1746,1747	40	89
237	14	5	1749,1750,1751,1752,1753	47	96
238	14	5	1718,1755,1756,1757,1758	54	103
239	14	5	1724,1760,1761,1762,1763	61	110
240	14	5	1730,1765,1766,1767,1768	68	117
241	14	5	1736,1770,1771,1772,1773	75	124
242	14	5	1742,1775,1776,1777,1778	82	131
243	14	5	1748,1780,1781,1782,1783	89	138
244	14	5	1754,1784,1785,1786,1787	96	145
245	14	5	1759,1788,1789,1790,1791	103	152
246	14	5	1764,1792,1793,1794,1795	110	159
247	14	5	1769,1796,1797,1798,1799	117	166
248	14	5	1774,1800,1801,1802,1803	124	173
249	14	4	1779,1804,1805,1806	131	157
