TransshipArc ID	Port	origin_node_ID	OriginTime	TransshipTime	Destination_node_ID	DestinationTime	FromRoute	ToRoute
1144	NEW YORK, NY	2	8	3	469	11	1	4
1145	NEW YORK, NY	2	8	10	480	18	1	4
1146	KINGSTON	3	14	10	147	24	1	2
1147	KINGSTON	3	14	6	152	20	1	2
1148	KINGSTON	3	14	13	160	27	1	2
1149	KINGSTON	3	14	2	307	16	1	3
1150	KINGSTON	3	14	12	311	26	1	3
1151	KINGSTON	3	14	9	315	23	1	3
1152	KINGSTON	3	14	5	320	19	1	3
1153	NEW YORK, NY	9	15	3	480	18	1	4
1154	NEW YORK, NY	9	15	10	491	25	1	4
1155	KINGSTON	10	21	3	147	24	1	2
1156	KINGSTON	10	21	10	155	31	1	2
1157	KINGSTON	10	21	6	160	27	1	2
1158	KINGSTON	10	21	13	167	34	1	2
1159	KINGSTON	10	21	5	311	26	1	3
1160	KINGSTON	10	21	2	315	23	1	3
1161	KINGSTON	10	21	12	319	33	1	3
1162	KINGSTON	10	21	9	323	30	1	3
1163	NEW YORK, NY	16	22	3	491	25	1	4
1164	NEW YORK, NY	16	22	10	502	32	1	4
1165	KINGSTON	17	28	3	155	31	1	2
1166	KINGSTON	17	28	10	163	38	1	2
1167	KINGSTON	17	28	6	167	34	1	2
1168	KINGSTON	17	28	13	174	41	1	2
1169	KINGSTON	17	28	5	319	33	1	3
1170	KINGSTON	17	28	2	323	30	1	3
1171	KINGSTON	17	28	12	327	40	1	3
1172	KINGSTON	17	28	9	330	37	1	3
1173	NEW YORK, NY	22	29	3	502	32	1	4
1174	NEW YORK, NY	22	29	10	513	39	1	4
1175	KINGSTON	23	35	3	163	38	1	2
1176	KINGSTON	23	35	10	170	45	1	2
1177	KINGSTON	23	35	6	174	41	1	2
1178	KINGSTON	23	35	13	181	48	1	2
1179	KINGSTON	23	35	5	327	40	1	3
1180	KINGSTON	23	35	2	330	37	1	3
1181	KINGSTON	23	35	12	334	47	1	3
1182	KINGSTON	23	35	9	337	44	1	3
1183	NEW YORK, NY	28	36	3	513	39	1	4
1184	NEW YORK, NY	28	36	10	524	46	1	4
1185	KINGSTON	29	42	3	170	45	1	2
1186	KINGSTON	29	42	10	177	52	1	2
1187	KINGSTON	29	42	6	181	48	1	2
1188	KINGSTON	29	42	13	188	55	1	2
1189	KINGSTON	29	42	5	334	47	1	3
1190	KINGSTON	29	42	2	337	44	1	3
1191	KINGSTON	29	42	12	341	54	1	3
1192	KINGSTON	29	42	9	344	51	1	3
1193	NEW YORK, NY	34	43	3	524	46	1	4
1194	NEW YORK, NY	34	43	10	535	53	1	4
1195	KINGSTON	35	49	3	177	52	1	2
1196	KINGSTON	35	49	10	184	59	1	2
1197	KINGSTON	35	49	6	188	55	1	2
1198	KINGSTON	35	49	13	195	62	1	2
1199	KINGSTON	35	49	5	341	54	1	3
1200	KINGSTON	35	49	2	344	51	1	3
1201	KINGSTON	35	49	12	348	61	1	3
1202	KINGSTON	35	49	9	351	58	1	3
1203	NEW YORK, NY	40	50	3	535	53	1	4
1204	NEW YORK, NY	40	50	10	545	60	1	4
1205	KINGSTON	41	56	3	184	59	1	2
1206	KINGSTON	41	56	10	191	66	1	2
1207	KINGSTON	41	56	6	195	62	1	2
1208	KINGSTON	41	56	13	202	69	1	2
1209	KINGSTON	41	56	5	348	61	1	3
1210	KINGSTON	41	56	2	351	58	1	3
1211	KINGSTON	41	56	12	355	68	1	3
1212	KINGSTON	41	56	9	358	65	1	3
1213	NEW YORK, NY	46	57	3	545	60	1	4
1214	NEW YORK, NY	46	57	10	555	67	1	4
1215	KINGSTON	47	63	3	191	66	1	2
1216	KINGSTON	47	63	10	198	73	1	2
1217	KINGSTON	47	63	6	202	69	1	2
1218	KINGSTON	47	63	13	209	76	1	2
1219	KINGSTON	47	63	5	355	68	1	3
1220	KINGSTON	47	63	2	358	65	1	3
1221	KINGSTON	47	63	12	362	75	1	3
1222	KINGSTON	47	63	9	365	72	1	3
1223	NEW YORK, NY	52	64	3	555	67	1	4
1224	NEW YORK, NY	52	64	10	565	74	1	4
1225	KINGSTON	53	70	3	198	73	1	2
1226	KINGSTON	53	70	10	205	80	1	2
1227	KINGSTON	53	70	6	209	76	1	2
1228	KINGSTON	53	70	13	216	83	1	2
1229	KINGSTON	53	70	5	362	75	1	3
1230	KINGSTON	53	70	2	365	72	1	3
1231	KINGSTON	53	70	12	369	82	1	3
1232	KINGSTON	53	70	9	372	79	1	3
1233	NEW YORK, NY	58	71	3	565	74	1	4
1234	NEW YORK, NY	58	71	10	575	81	1	4
1235	KINGSTON	59	77	3	205	80	1	2
1236	KINGSTON	59	77	10	212	87	1	2
1237	KINGSTON	59	77	6	216	83	1	2
1238	KINGSTON	59	77	13	223	90	1	2
1239	KINGSTON	59	77	5	369	82	1	3
1240	KINGSTON	59	77	2	372	79	1	3
1241	KINGSTON	59	77	12	376	89	1	3
1242	KINGSTON	59	77	9	379	86	1	3
1243	NEW YORK, NY	64	78	3	575	81	1	4
1244	NEW YORK, NY	64	78	10	585	88	1	4
1245	KINGSTON	65	84	3	212	87	1	2
1246	KINGSTON	65	84	10	219	94	1	2
1247	KINGSTON	65	84	6	223	90	1	2
1248	KINGSTON	65	84	13	230	97	1	2
1249	KINGSTON	65	84	5	376	89	1	3
1250	KINGSTON	65	84	2	379	86	1	3
1251	KINGSTON	65	84	12	383	96	1	3
1252	KINGSTON	65	84	9	386	93	1	3
1253	NEW YORK, NY	70	85	3	585	88	1	4
1254	NEW YORK, NY	70	85	10	595	95	1	4
1255	KINGSTON	71	91	3	219	94	1	2
1256	KINGSTON	71	91	10	226	101	1	2
1257	KINGSTON	71	91	6	230	97	1	2
1258	KINGSTON	71	91	13	237	104	1	2
1259	KINGSTON	71	91	5	383	96	1	3
1260	KINGSTON	71	91	2	386	93	1	3
1261	KINGSTON	71	91	12	390	103	1	3
1262	KINGSTON	71	91	9	393	100	1	3
1263	NEW YORK, NY	76	92	3	595	95	1	4
1264	NEW YORK, NY	76	92	10	605	102	1	4
1265	KINGSTON	77	98	3	226	101	1	2
1266	KINGSTON	77	98	10	233	108	1	2
1267	KINGSTON	77	98	6	237	104	1	2
1268	KINGSTON	77	98	13	244	111	1	2
1269	KINGSTON	77	98	5	390	103	1	3
1270	KINGSTON	77	98	2	393	100	1	3
1271	KINGSTON	77	98	12	397	110	1	3
1272	KINGSTON	77	98	9	400	107	1	3
1273	NEW YORK, NY	82	99	3	605	102	1	4
1274	NEW YORK, NY	82	99	10	615	109	1	4
1275	KINGSTON	83	105	3	233	108	1	2
1276	KINGSTON	83	105	10	240	115	1	2
1277	KINGSTON	83	105	6	244	111	1	2
1278	KINGSTON	83	105	13	251	118	1	2
1279	KINGSTON	83	105	5	397	110	1	3
1280	KINGSTON	83	105	2	400	107	1	3
1281	KINGSTON	83	105	12	404	117	1	3
1282	KINGSTON	83	105	9	407	114	1	3
1283	NEW YORK, NY	88	106	3	615	109	1	4
1284	NEW YORK, NY	88	106	10	625	116	1	4
1285	KINGSTON	89	112	3	240	115	1	2
1286	KINGSTON	89	112	10	247	122	1	2
1287	KINGSTON	89	112	6	251	118	1	2
1288	KINGSTON	89	112	13	258	125	1	2
1289	KINGSTON	89	112	5	404	117	1	3
1290	KINGSTON	89	112	2	407	114	1	3
1291	KINGSTON	89	112	12	411	124	1	3
1292	KINGSTON	89	112	9	414	121	1	3
1293	NEW YORK, NY	94	113	3	625	116	1	4
1294	NEW YORK, NY	94	113	10	635	123	1	4
1295	KINGSTON	95	119	3	247	122	1	2
1296	KINGSTON	95	119	10	254	129	1	2
1297	KINGSTON	95	119	6	258	125	1	2
1298	KINGSTON	95	119	13	265	132	1	2
1299	KINGSTON	95	119	5	411	124	1	3
1300	KINGSTON	95	119	2	414	121	1	3
1301	KINGSTON	95	119	12	418	131	1	3
1302	KINGSTON	95	119	9	421	128	1	3
1303	NEW YORK, NY	100	120	3	635	123	1	4
1304	NEW YORK, NY	100	120	10	645	130	1	4
1305	KINGSTON	101	126	3	254	129	1	2
1306	KINGSTON	101	126	10	261	136	1	2
1307	KINGSTON	101	126	6	265	132	1	2
1308	KINGSTON	101	126	13	272	139	1	2
1309	KINGSTON	101	126	5	418	131	1	3
1310	KINGSTON	101	126	2	421	128	1	3
1311	KINGSTON	101	126	12	425	138	1	3
1312	KINGSTON	101	126	9	428	135	1	3
1313	NEW YORK, NY	106	127	3	645	130	1	4
1314	NEW YORK, NY	106	127	10	655	137	1	4
1315	KINGSTON	107	133	3	261	136	1	2
1316	KINGSTON	107	133	10	268	143	1	2
1317	KINGSTON	107	133	6	272	139	1	2
1318	KINGSTON	107	133	13	279	146	1	2
1319	KINGSTON	107	133	5	425	138	1	3
1320	KINGSTON	107	133	2	428	135	1	3
1321	KINGSTON	107	133	12	432	145	1	3
1322	KINGSTON	107	133	9	435	142	1	3
1323	NEW YORK, NY	112	134	3	655	137	1	4
1324	KINGSTON	113	140	3	268	143	1	2
1325	KINGSTON	113	140	10	275	150	1	2
1326	KINGSTON	113	140	6	279	146	1	2
1327	KINGSTON	113	140	13	286	153	1	2
1328	KINGSTON	113	140	5	432	145	1	3
1329	KINGSTON	113	140	2	435	142	1	3
1330	KINGSTON	113	140	12	439	152	1	3
1331	KINGSTON	113	140	9	442	149	1	3
1332	KINGSTON	119	147	3	275	150	1	2
1333	KINGSTON	119	147	10	282	157	1	2
1334	KINGSTON	119	147	6	286	153	1	2
1335	KINGSTON	119	147	13	293	160	1	2
1336	KINGSTON	119	147	5	439	152	1	3
1337	KINGSTON	119	147	2	442	149	1	3
1338	KINGSTON	119	147	12	446	159	1	3
1339	KINGSTON	119	147	9	449	156	1	3
1340	KINGSTON	125	154	3	282	157	1	2
1341	KINGSTON	125	154	10	289	164	1	2
1342	KINGSTON	125	154	6	293	160	1	2
1343	KINGSTON	125	154	13	300	167	1	2
1344	KINGSTON	125	154	5	446	159	1	3
1345	KINGSTON	125	154	2	449	156	1	3
1346	KINGSTON	125	154	12	453	166	1	3
1347	KINGSTON	125	154	9	456	163	1	3
1348	KINGSTON	131	161	3	289	164	1	2
1349	KINGSTON	131	161	10	296	171	1	2
1350	KINGSTON	131	161	6	300	167	1	2
1351	KINGSTON	131	161	5	453	166	1	3
1352	KINGSTON	131	161	2	456	163	1	3
1353	KINGSTON	131	161	12	460	173	1	3
1354	KINGSTON	131	161	9	463	170	1	3
1355	KINGSTON	137	168	3	296	171	1	2
1356	KINGSTON	137	168	10	303	178	1	2
1357	KINGSTON	137	168	5	460	173	1	3
1358	KINGSTON	137	168	2	463	170	1	3
1359	PORT EVERGLADES, FL	143	10	2	478	12	2	4
1360	PORT EVERGLADES, FL	143	10	9	489	19	2	4
1361	KINGSTON	144	13	1	3	14	2	1
1362	KINGSTON	144	13	8	10	21	2	1
1363	KINGSTON	144	13	3	307	16	2	3
1364	KINGSTON	144	13	13	311	26	2	3
1365	KINGSTON	144	13	10	315	23	2	3
1366	KINGSTON	144	13	6	320	19	2	3
1367	KINGSTON	147	24	4	17	28	2	1
1368	KINGSTON	147	24	11	23	35	2	1
1369	KINGSTON	147	24	2	311	26	2	3
1370	KINGSTON	147	24	9	319	33	2	3
1371	KINGSTON	147	24	6	323	30	2	3
1372	KINGSTON	147	24	13	330	37	2	3
1373	PORT EVERGLADES, FL	151	17	2	489	19	2	4
1374	PORT EVERGLADES, FL	151	17	9	500	26	2	4
1375	KINGSTON	152	20	1	10	21	2	1
1376	KINGSTON	152	20	8	17	28	2	1
1377	KINGSTON	152	20	6	311	26	2	3
1378	KINGSTON	152	20	3	315	23	2	3
1379	KINGSTON	152	20	13	319	33	2	3
1380	KINGSTON	152	20	10	323	30	2	3
1381	KINGSTON	155	31	4	23	35	2	1
1382	KINGSTON	155	31	11	29	42	2	1
1383	KINGSTON	155	31	2	319	33	2	3
1384	KINGSTON	155	31	9	327	40	2	3
1385	KINGSTON	155	31	6	330	37	2	3
1386	KINGSTON	155	31	13	337	44	2	3
1387	PORT EVERGLADES, FL	159	24	2	500	26	2	4
1388	PORT EVERGLADES, FL	159	24	9	511	33	2	4
1389	KINGSTON	160	27	1	17	28	2	1
1390	KINGSTON	160	27	8	23	35	2	1
1391	KINGSTON	160	27	6	319	33	2	3
1392	KINGSTON	160	27	3	323	30	2	3
1393	KINGSTON	160	27	13	327	40	2	3
1394	KINGSTON	160	27	10	330	37	2	3
1395	KINGSTON	163	38	4	29	42	2	1
1396	KINGSTON	163	38	11	35	49	2	1
1397	KINGSTON	163	38	2	327	40	2	3
1398	KINGSTON	163	38	9	334	47	2	3
1399	KINGSTON	163	38	6	337	44	2	3
1400	KINGSTON	163	38	13	344	51	2	3
1401	PORT EVERGLADES, FL	166	31	2	511	33	2	4
1402	PORT EVERGLADES, FL	166	31	9	522	40	2	4
1403	KINGSTON	167	34	1	23	35	2	1
1404	KINGSTON	167	34	8	29	42	2	1
1405	KINGSTON	167	34	6	327	40	2	3
1406	KINGSTON	167	34	3	330	37	2	3
1407	KINGSTON	167	34	13	334	47	2	3
1408	KINGSTON	167	34	10	337	44	2	3
1409	KINGSTON	170	45	4	35	49	2	1
1410	KINGSTON	170	45	11	41	56	2	1
1411	KINGSTON	170	45	2	334	47	2	3
1412	KINGSTON	170	45	9	341	54	2	3
1413	KINGSTON	170	45	6	344	51	2	3
1414	KINGSTON	170	45	13	351	58	2	3
1415	PORT EVERGLADES, FL	173	38	2	522	40	2	4
1416	PORT EVERGLADES, FL	173	38	9	533	47	2	4
1417	KINGSTON	174	41	1	29	42	2	1
1418	KINGSTON	174	41	8	35	49	2	1
1419	KINGSTON	174	41	6	334	47	2	3
1420	KINGSTON	174	41	3	337	44	2	3
1421	KINGSTON	174	41	13	341	54	2	3
1422	KINGSTON	174	41	10	344	51	2	3
1423	KINGSTON	177	52	4	41	56	2	1
1424	KINGSTON	177	52	11	47	63	2	1
1425	KINGSTON	177	52	2	341	54	2	3
1426	KINGSTON	177	52	9	348	61	2	3
1427	KINGSTON	177	52	6	351	58	2	3
1428	KINGSTON	177	52	13	358	65	2	3
1429	PORT EVERGLADES, FL	180	45	9	477	54	2	4
1430	PORT EVERGLADES, FL	180	45	2	533	47	2	4
1431	KINGSTON	181	48	1	35	49	2	1
1432	KINGSTON	181	48	8	41	56	2	1
1433	KINGSTON	181	48	6	341	54	2	3
1434	KINGSTON	181	48	3	344	51	2	3
1435	KINGSTON	181	48	13	348	61	2	3
1436	KINGSTON	181	48	10	351	58	2	3
1437	KINGSTON	184	59	4	47	63	2	1
1438	KINGSTON	184	59	11	53	70	2	1
1439	KINGSTON	184	59	2	348	61	2	3
1440	KINGSTON	184	59	9	355	68	2	3
1441	KINGSTON	184	59	6	358	65	2	3
1442	KINGSTON	184	59	13	365	72	2	3
1443	PORT EVERGLADES, FL	187	52	2	477	54	2	4
1444	PORT EVERGLADES, FL	187	52	9	488	61	2	4
1445	KINGSTON	188	55	1	41	56	2	1
1446	KINGSTON	188	55	8	47	63	2	1
1447	KINGSTON	188	55	6	348	61	2	3
1448	KINGSTON	188	55	3	351	58	2	3
1449	KINGSTON	188	55	13	355	68	2	3
1450	KINGSTON	188	55	10	358	65	2	3
1451	KINGSTON	191	66	4	53	70	2	1
1452	KINGSTON	191	66	11	59	77	2	1
1453	KINGSTON	191	66	2	355	68	2	3
1454	KINGSTON	191	66	9	362	75	2	3
1455	KINGSTON	191	66	6	365	72	2	3
1456	KINGSTON	191	66	13	372	79	2	3
1457	PORT EVERGLADES, FL	194	59	2	488	61	2	4
1458	PORT EVERGLADES, FL	194	59	9	499	68	2	4
1459	KINGSTON	195	62	1	47	63	2	1
1460	KINGSTON	195	62	8	53	70	2	1
1461	KINGSTON	195	62	6	355	68	2	3
1462	KINGSTON	195	62	3	358	65	2	3
1463	KINGSTON	195	62	13	362	75	2	3
1464	KINGSTON	195	62	10	365	72	2	3
1465	KINGSTON	198	73	4	59	77	2	1
1466	KINGSTON	198	73	11	65	84	2	1
1467	KINGSTON	198	73	2	362	75	2	3
1468	KINGSTON	198	73	9	369	82	2	3
1469	KINGSTON	198	73	6	372	79	2	3
1470	KINGSTON	198	73	13	379	86	2	3
1471	PORT EVERGLADES, FL	201	66	2	499	68	2	4
1472	PORT EVERGLADES, FL	201	66	9	510	75	2	4
1473	KINGSTON	202	69	1	53	70	2	1
1474	KINGSTON	202	69	8	59	77	2	1
1475	KINGSTON	202	69	6	362	75	2	3
1476	KINGSTON	202	69	3	365	72	2	3
1477	KINGSTON	202	69	13	369	82	2	3
1478	KINGSTON	202	69	10	372	79	2	3
1479	KINGSTON	205	80	4	65	84	2	1
1480	KINGSTON	205	80	11	71	91	2	1
1481	KINGSTON	205	80	2	369	82	2	3
1482	KINGSTON	205	80	9	376	89	2	3
1483	KINGSTON	205	80	6	379	86	2	3
1484	KINGSTON	205	80	13	386	93	2	3
1485	PORT EVERGLADES, FL	208	73	2	510	75	2	4
1486	PORT EVERGLADES, FL	208	73	9	521	82	2	4
1487	KINGSTON	209	76	1	59	77	2	1
1488	KINGSTON	209	76	8	65	84	2	1
1489	KINGSTON	209	76	6	369	82	2	3
1490	KINGSTON	209	76	3	372	79	2	3
1491	KINGSTON	209	76	13	376	89	2	3
1492	KINGSTON	209	76	10	379	86	2	3
1493	KINGSTON	212	87	4	71	91	2	1
1494	KINGSTON	212	87	11	77	98	2	1
1495	KINGSTON	212	87	2	376	89	2	3
1496	KINGSTON	212	87	9	383	96	2	3
1497	KINGSTON	212	87	6	386	93	2	3
1498	KINGSTON	212	87	13	393	100	2	3
1499	PORT EVERGLADES, FL	215	80	2	521	82	2	4
1500	PORT EVERGLADES, FL	215	80	9	532	89	2	4
1501	KINGSTON	216	83	1	65	84	2	1
1502	KINGSTON	216	83	8	71	91	2	1
1503	KINGSTON	216	83	6	376	89	2	3
1504	KINGSTON	216	83	3	379	86	2	3
1505	KINGSTON	216	83	13	383	96	2	3
1506	KINGSTON	216	83	10	386	93	2	3
1507	KINGSTON	219	94	4	77	98	2	1
1508	KINGSTON	219	94	11	83	105	2	1
1509	KINGSTON	219	94	2	383	96	2	3
1510	KINGSTON	219	94	9	390	103	2	3
1511	KINGSTON	219	94	6	393	100	2	3
1512	KINGSTON	219	94	13	400	107	2	3
1513	PORT EVERGLADES, FL	222	87	2	532	89	2	4
1514	PORT EVERGLADES, FL	222	87	9	543	96	2	4
1515	KINGSTON	223	90	1	71	91	2	1
1516	KINGSTON	223	90	8	77	98	2	1
1517	KINGSTON	223	90	6	383	96	2	3
1518	KINGSTON	223	90	3	386	93	2	3
1519	KINGSTON	223	90	13	390	103	2	3
1520	KINGSTON	223	90	10	393	100	2	3
1521	KINGSTON	226	101	4	83	105	2	1
1522	KINGSTON	226	101	11	89	112	2	1
1523	KINGSTON	226	101	2	390	103	2	3
1524	KINGSTON	226	101	9	397	110	2	3
1525	KINGSTON	226	101	6	400	107	2	3
1526	KINGSTON	226	101	13	407	114	2	3
1527	PORT EVERGLADES, FL	229	94	2	543	96	2	4
1528	PORT EVERGLADES, FL	229	94	9	553	103	2	4
1529	KINGSTON	230	97	1	77	98	2	1
1530	KINGSTON	230	97	8	83	105	2	1
1531	KINGSTON	230	97	6	390	103	2	3
1532	KINGSTON	230	97	3	393	100	2	3
1533	KINGSTON	230	97	13	397	110	2	3
1534	KINGSTON	230	97	10	400	107	2	3
1535	KINGSTON	233	108	4	89	112	2	1
1536	KINGSTON	233	108	11	95	119	2	1
1537	KINGSTON	233	108	2	397	110	2	3
1538	KINGSTON	233	108	9	404	117	2	3
1539	KINGSTON	233	108	6	407	114	2	3
1540	KINGSTON	233	108	13	414	121	2	3
1541	PORT EVERGLADES, FL	236	101	2	553	103	2	4
1542	PORT EVERGLADES, FL	236	101	9	563	110	2	4
1543	KINGSTON	237	104	1	83	105	2	1
1544	KINGSTON	237	104	8	89	112	2	1
1545	KINGSTON	237	104	6	397	110	2	3
1546	KINGSTON	237	104	3	400	107	2	3
1547	KINGSTON	237	104	13	404	117	2	3
1548	KINGSTON	237	104	10	407	114	2	3
1549	KINGSTON	240	115	4	95	119	2	1
1550	KINGSTON	240	115	11	101	126	2	1
1551	KINGSTON	240	115	2	404	117	2	3
1552	KINGSTON	240	115	9	411	124	2	3
1553	KINGSTON	240	115	6	414	121	2	3
1554	KINGSTON	240	115	13	421	128	2	3
1555	PORT EVERGLADES, FL	243	108	2	563	110	2	4
1556	PORT EVERGLADES, FL	243	108	9	573	117	2	4
1557	KINGSTON	244	111	1	89	112	2	1
1558	KINGSTON	244	111	8	95	119	2	1
1559	KINGSTON	244	111	6	404	117	2	3
1560	KINGSTON	244	111	3	407	114	2	3
1561	KINGSTON	244	111	13	411	124	2	3
1562	KINGSTON	244	111	10	414	121	2	3
1563	KINGSTON	247	122	4	101	126	2	1
1564	KINGSTON	247	122	11	107	133	2	1
1565	KINGSTON	247	122	2	411	124	2	3
1566	KINGSTON	247	122	9	418	131	2	3
1567	KINGSTON	247	122	6	421	128	2	3
1568	KINGSTON	247	122	13	428	135	2	3
1569	PORT EVERGLADES, FL	250	115	2	573	117	2	4
1570	PORT EVERGLADES, FL	250	115	9	583	124	2	4
1571	KINGSTON	251	118	1	95	119	2	1
1572	KINGSTON	251	118	8	101	126	2	1
1573	KINGSTON	251	118	6	411	124	2	3
1574	KINGSTON	251	118	3	414	121	2	3
1575	KINGSTON	251	118	13	418	131	2	3
1576	KINGSTON	251	118	10	421	128	2	3
1577	KINGSTON	254	129	4	107	133	2	1
1578	KINGSTON	254	129	11	113	140	2	1
1579	KINGSTON	254	129	2	418	131	2	3
1580	KINGSTON	254	129	9	425	138	2	3
1581	KINGSTON	254	129	6	428	135	2	3
1582	KINGSTON	254	129	13	435	142	2	3
1583	PORT EVERGLADES, FL	257	122	2	583	124	2	4
1584	PORT EVERGLADES, FL	257	122	9	593	131	2	4
1585	KINGSTON	258	125	1	101	126	2	1
1586	KINGSTON	258	125	8	107	133	2	1
1587	KINGSTON	258	125	6	418	131	2	3
1588	KINGSTON	258	125	3	421	128	2	3
1589	KINGSTON	258	125	13	425	138	2	3
1590	KINGSTON	258	125	10	428	135	2	3
1591	KINGSTON	261	136	4	113	140	2	1
1592	KINGSTON	261	136	11	119	147	2	1
1593	KINGSTON	261	136	2	425	138	2	3
1594	KINGSTON	261	136	9	432	145	2	3
1595	KINGSTON	261	136	6	435	142	2	3
1596	KINGSTON	261	136	13	442	149	2	3
1597	PORT EVERGLADES, FL	264	129	2	593	131	2	4
1598	PORT EVERGLADES, FL	264	129	9	603	138	2	4
1599	KINGSTON	265	132	1	107	133	2	1
1600	KINGSTON	265	132	8	113	140	2	1
1601	KINGSTON	265	132	6	425	138	2	3
1602	KINGSTON	265	132	3	428	135	2	3
1603	KINGSTON	265	132	13	432	145	2	3
1604	KINGSTON	265	132	10	435	142	2	3
1605	KINGSTON	268	143	4	119	147	2	1
1606	KINGSTON	268	143	11	125	154	2	1
1607	KINGSTON	268	143	2	432	145	2	3
1608	KINGSTON	268	143	9	439	152	2	3
1609	KINGSTON	268	143	6	442	149	2	3
1610	KINGSTON	268	143	13	449	156	2	3
1611	PORT EVERGLADES, FL	271	136	2	603	138	2	4
1612	PORT EVERGLADES, FL	271	136	9	613	145	2	4
1613	KINGSTON	272	139	1	113	140	2	1
1614	KINGSTON	272	139	8	119	147	2	1
1615	KINGSTON	272	139	6	432	145	2	3
1616	KINGSTON	272	139	3	435	142	2	3
1617	KINGSTON	272	139	13	439	152	2	3
1618	KINGSTON	272	139	10	442	149	2	3
1619	KINGSTON	275	150	4	125	154	2	1
1620	KINGSTON	275	150	11	131	161	2	1
1621	KINGSTON	275	150	2	439	152	2	3
1622	KINGSTON	275	150	9	446	159	2	3
1623	KINGSTON	275	150	6	449	156	2	3
1624	KINGSTON	275	150	13	456	163	2	3
1625	PORT EVERGLADES, FL	278	143	2	613	145	2	4
1626	PORT EVERGLADES, FL	278	143	9	623	152	2	4
1627	KINGSTON	279	146	1	119	147	2	1
1628	KINGSTON	279	146	8	125	154	2	1
1629	KINGSTON	279	146	6	439	152	2	3
1630	KINGSTON	279	146	3	442	149	2	3
1631	KINGSTON	279	146	13	446	159	2	3
1632	KINGSTON	279	146	10	449	156	2	3
1633	KINGSTON	282	157	4	131	161	2	1
1634	KINGSTON	282	157	11	137	168	2	1
1635	KINGSTON	282	157	2	446	159	2	3
1636	KINGSTON	282	157	9	453	166	2	3
1637	KINGSTON	282	157	6	456	163	2	3
1638	KINGSTON	282	157	13	463	170	2	3
1639	PORT EVERGLADES, FL	285	150	2	623	152	2	4
1640	PORT EVERGLADES, FL	285	150	9	633	159	2	4
1641	KINGSTON	286	153	1	125	154	2	1
1642	KINGSTON	286	153	8	131	161	2	1
1643	KINGSTON	286	153	6	446	159	2	3
1644	KINGSTON	286	153	3	449	156	2	3
1645	KINGSTON	286	153	13	453	166	2	3
1646	KINGSTON	286	153	10	456	163	2	3
1647	KINGSTON	289	164	4	137	168	2	1
1648	KINGSTON	289	164	2	453	166	2	3
1649	KINGSTON	289	164	9	460	173	2	3
1650	KINGSTON	289	164	6	463	170	2	3
1651	PORT EVERGLADES, FL	292	157	2	633	159	2	4
1652	PORT EVERGLADES, FL	292	157	9	643	166	2	4
1653	KINGSTON	293	160	1	131	161	2	1
1654	KINGSTON	293	160	8	137	168	2	1
1655	KINGSTON	293	160	6	453	166	2	3
1656	KINGSTON	293	160	3	456	163	2	3
1657	KINGSTON	293	160	13	460	173	2	3
1658	KINGSTON	293	160	10	463	170	2	3
1659	KINGSTON	296	171	2	460	173	2	3
1660	PORT EVERGLADES, FL	299	164	2	643	166	2	4
1661	PORT EVERGLADES, FL	299	164	9	653	173	2	4
1662	KINGSTON	300	167	1	137	168	2	1
1663	KINGSTON	300	167	6	460	173	2	3
1664	KINGSTON	300	167	3	463	170	2	3
1665	KINGSTON	304	5	9	3	14	3	1
1666	KINGSTON	304	5	8	144	13	3	2
1667	KINGSTON	307	16	5	10	21	3	1
1668	KINGSTON	307	16	12	17	28	3	1
1669	KINGSTON	307	16	8	147	24	3	2
1670	KINGSTON	307	16	4	152	20	3	2
1671	KINGSTON	307	16	11	160	27	3	2
1672	KINGSTON	311	26	2	17	28	3	1
1673	KINGSTON	311	26	9	23	35	3	1
1674	KINGSTON	311	26	5	155	31	3	2
1675	KINGSTON	311	26	1	160	27	3	2
1676	KINGSTON	311	26	12	163	38	3	2
1677	KINGSTON	311	26	8	167	34	3	2
1678	KINGSTON	312	12	2	3	14	3	1
1679	KINGSTON	312	12	9	10	21	3	1
1680	KINGSTON	312	12	1	144	13	3	2
1681	KINGSTON	312	12	12	147	24	3	2
1682	KINGSTON	312	12	8	152	20	3	2
1683	KINGSTON	315	23	5	17	28	3	1
1684	KINGSTON	315	23	12	23	35	3	1
1685	KINGSTON	315	23	1	147	24	3	2
1686	KINGSTON	315	23	8	155	31	3	2
1687	KINGSTON	315	23	4	160	27	3	2
1688	KINGSTON	315	23	11	167	34	3	2
1689	KINGSTON	319	33	2	23	35	3	1
1690	KINGSTON	319	33	9	29	42	3	1
1691	KINGSTON	319	33	5	163	38	3	2
1692	KINGSTON	319	33	1	167	34	3	2
1693	KINGSTON	319	33	12	170	45	3	2
1694	KINGSTON	319	33	8	174	41	3	2
1695	KINGSTON	320	19	2	10	21	3	1
1696	KINGSTON	320	19	9	17	28	3	1
1697	KINGSTON	320	19	5	147	24	3	2
1698	KINGSTON	320	19	1	152	20	3	2
1699	KINGSTON	320	19	12	155	31	3	2
1700	KINGSTON	320	19	8	160	27	3	2
1701	KINGSTON	323	30	5	23	35	3	1
1702	KINGSTON	323	30	12	29	42	3	1
1703	KINGSTON	323	30	1	155	31	3	2
1704	KINGSTON	323	30	8	163	38	3	2
1705	KINGSTON	323	30	4	167	34	3	2
1706	KINGSTON	323	30	11	174	41	3	2
1707	KINGSTON	327	40	2	29	42	3	1
1708	KINGSTON	327	40	9	35	49	3	1
1709	KINGSTON	327	40	5	170	45	3	2
1710	KINGSTON	327	40	1	174	41	3	2
1711	KINGSTON	327	40	12	177	52	3	2
1712	KINGSTON	327	40	8	181	48	3	2
1713	KINGSTON	330	37	5	29	42	3	1
1714	KINGSTON	330	37	12	35	49	3	1
1715	KINGSTON	330	37	1	163	38	3	2
1716	KINGSTON	330	37	8	170	45	3	2
1717	KINGSTON	330	37	4	174	41	3	2
1718	KINGSTON	330	37	11	181	48	3	2
1719	KINGSTON	334	47	2	35	49	3	1
1720	KINGSTON	334	47	9	41	56	3	1
1721	KINGSTON	334	47	5	177	52	3	2
1722	KINGSTON	334	47	1	181	48	3	2
1723	KINGSTON	334	47	12	184	59	3	2
1724	KINGSTON	334	47	8	188	55	3	2
1725	KINGSTON	337	44	5	35	49	3	1
1726	KINGSTON	337	44	12	41	56	3	1
1727	KINGSTON	337	44	1	170	45	3	2
1728	KINGSTON	337	44	8	177	52	3	2
1729	KINGSTON	337	44	4	181	48	3	2
1730	KINGSTON	337	44	11	188	55	3	2
1731	KINGSTON	341	54	2	41	56	3	1
1732	KINGSTON	341	54	9	47	63	3	1
1733	KINGSTON	341	54	5	184	59	3	2
1734	KINGSTON	341	54	1	188	55	3	2
1735	KINGSTON	341	54	12	191	66	3	2
1736	KINGSTON	341	54	8	195	62	3	2
1737	KINGSTON	344	51	5	41	56	3	1
1738	KINGSTON	344	51	12	47	63	3	1
1739	KINGSTON	344	51	1	177	52	3	2
1740	KINGSTON	344	51	8	184	59	3	2
1741	KINGSTON	344	51	4	188	55	3	2
1742	KINGSTON	344	51	11	195	62	3	2
1743	KINGSTON	348	61	2	47	63	3	1
1744	KINGSTON	348	61	9	53	70	3	1
1745	KINGSTON	348	61	5	191	66	3	2
1746	KINGSTON	348	61	1	195	62	3	2
1747	KINGSTON	348	61	12	198	73	3	2
1748	KINGSTON	348	61	8	202	69	3	2
1749	KINGSTON	351	58	5	47	63	3	1
1750	KINGSTON	351	58	12	53	70	3	1
1751	KINGSTON	351	58	1	184	59	3	2
1752	KINGSTON	351	58	8	191	66	3	2
1753	KINGSTON	351	58	4	195	62	3	2
1754	KINGSTON	351	58	11	202	69	3	2
1755	KINGSTON	355	68	2	53	70	3	1
1756	KINGSTON	355	68	9	59	77	3	1
1757	KINGSTON	355	68	5	198	73	3	2
1758	KINGSTON	355	68	1	202	69	3	2
1759	KINGSTON	355	68	12	205	80	3	2
1760	KINGSTON	355	68	8	209	76	3	2
1761	KINGSTON	358	65	5	53	70	3	1
1762	KINGSTON	358	65	12	59	77	3	1
1763	KINGSTON	358	65	1	191	66	3	2
1764	KINGSTON	358	65	8	198	73	3	2
1765	KINGSTON	358	65	4	202	69	3	2
1766	KINGSTON	358	65	11	209	76	3	2
1767	KINGSTON	362	75	2	59	77	3	1
1768	KINGSTON	362	75	9	65	84	3	1
1769	KINGSTON	362	75	5	205	80	3	2
1770	KINGSTON	362	75	1	209	76	3	2
1771	KINGSTON	362	75	12	212	87	3	2
1772	KINGSTON	362	75	8	216	83	3	2
1773	KINGSTON	365	72	5	59	77	3	1
1774	KINGSTON	365	72	12	65	84	3	1
1775	KINGSTON	365	72	1	198	73	3	2
1776	KINGSTON	365	72	8	205	80	3	2
1777	KINGSTON	365	72	4	209	76	3	2
1778	KINGSTON	365	72	11	216	83	3	2
1779	KINGSTON	369	82	2	65	84	3	1
1780	KINGSTON	369	82	9	71	91	3	1
1781	KINGSTON	369	82	5	212	87	3	2
1782	KINGSTON	369	82	1	216	83	3	2
1783	KINGSTON	369	82	12	219	94	3	2
1784	KINGSTON	369	82	8	223	90	3	2
1785	KINGSTON	372	79	5	65	84	3	1
1786	KINGSTON	372	79	12	71	91	3	1
1787	KINGSTON	372	79	1	205	80	3	2
1788	KINGSTON	372	79	8	212	87	3	2
1789	KINGSTON	372	79	4	216	83	3	2
1790	KINGSTON	372	79	11	223	90	3	2
1791	KINGSTON	376	89	2	71	91	3	1
1792	KINGSTON	376	89	9	77	98	3	1
1793	KINGSTON	376	89	5	219	94	3	2
1794	KINGSTON	376	89	1	223	90	3	2
1795	KINGSTON	376	89	12	226	101	3	2
1796	KINGSTON	376	89	8	230	97	3	2
1797	KINGSTON	379	86	5	71	91	3	1
1798	KINGSTON	379	86	12	77	98	3	1
1799	KINGSTON	379	86	1	212	87	3	2
1800	KINGSTON	379	86	8	219	94	3	2
1801	KINGSTON	379	86	4	223	90	3	2
1802	KINGSTON	379	86	11	230	97	3	2
1803	KINGSTON	383	96	2	77	98	3	1
1804	KINGSTON	383	96	9	83	105	3	1
1805	KINGSTON	383	96	5	226	101	3	2
1806	KINGSTON	383	96	1	230	97	3	2
1807	KINGSTON	383	96	12	233	108	3	2
1808	KINGSTON	383	96	8	237	104	3	2
1809	KINGSTON	386	93	5	77	98	3	1
1810	KINGSTON	386	93	12	83	105	3	1
1811	KINGSTON	386	93	1	219	94	3	2
1812	KINGSTON	386	93	8	226	101	3	2
1813	KINGSTON	386	93	4	230	97	3	2
1814	KINGSTON	386	93	11	237	104	3	2
1815	KINGSTON	390	103	2	83	105	3	1
1816	KINGSTON	390	103	9	89	112	3	1
1817	KINGSTON	390	103	5	233	108	3	2
1818	KINGSTON	390	103	1	237	104	3	2
1819	KINGSTON	390	103	12	240	115	3	2
1820	KINGSTON	390	103	8	244	111	3	2
1821	KINGSTON	393	100	5	83	105	3	1
1822	KINGSTON	393	100	12	89	112	3	1
1823	KINGSTON	393	100	1	226	101	3	2
1824	KINGSTON	393	100	8	233	108	3	2
1825	KINGSTON	393	100	4	237	104	3	2
1826	KINGSTON	393	100	11	244	111	3	2
1827	KINGSTON	397	110	2	89	112	3	1
1828	KINGSTON	397	110	9	95	119	3	1
1829	KINGSTON	397	110	5	240	115	3	2
1830	KINGSTON	397	110	1	244	111	3	2
1831	KINGSTON	397	110	12	247	122	3	2
1832	KINGSTON	397	110	8	251	118	3	2
1833	KINGSTON	400	107	5	89	112	3	1
1834	KINGSTON	400	107	12	95	119	3	1
1835	KINGSTON	400	107	1	233	108	3	2
1836	KINGSTON	400	107	8	240	115	3	2
1837	KINGSTON	400	107	4	244	111	3	2
1838	KINGSTON	400	107	11	251	118	3	2
1839	KINGSTON	404	117	2	95	119	3	1
1840	KINGSTON	404	117	9	101	126	3	1
1841	KINGSTON	404	117	5	247	122	3	2
1842	KINGSTON	404	117	1	251	118	3	2
1843	KINGSTON	404	117	12	254	129	3	2
1844	KINGSTON	404	117	8	258	125	3	2
1845	KINGSTON	407	114	5	95	119	3	1
1846	KINGSTON	407	114	12	101	126	3	1
1847	KINGSTON	407	114	1	240	115	3	2
1848	KINGSTON	407	114	8	247	122	3	2
1849	KINGSTON	407	114	4	251	118	3	2
1850	KINGSTON	407	114	11	258	125	3	2
1851	KINGSTON	411	124	2	101	126	3	1
1852	KINGSTON	411	124	9	107	133	3	1
1853	KINGSTON	411	124	5	254	129	3	2
1854	KINGSTON	411	124	1	258	125	3	2
1855	KINGSTON	411	124	12	261	136	3	2
1856	KINGSTON	411	124	8	265	132	3	2
1857	KINGSTON	414	121	5	101	126	3	1
1858	KINGSTON	414	121	12	107	133	3	1
1859	KINGSTON	414	121	1	247	122	3	2
1860	KINGSTON	414	121	8	254	129	3	2
1861	KINGSTON	414	121	4	258	125	3	2
1862	KINGSTON	414	121	11	265	132	3	2
1863	KINGSTON	418	131	2	107	133	3	1
1864	KINGSTON	418	131	9	113	140	3	1
1865	KINGSTON	418	131	5	261	136	3	2
1866	KINGSTON	418	131	1	265	132	3	2
1867	KINGSTON	418	131	12	268	143	3	2
1868	KINGSTON	418	131	8	272	139	3	2
1869	KINGSTON	421	128	5	107	133	3	1
1870	KINGSTON	421	128	12	113	140	3	1
1871	KINGSTON	421	128	1	254	129	3	2
1872	KINGSTON	421	128	8	261	136	3	2
1873	KINGSTON	421	128	4	265	132	3	2
1874	KINGSTON	421	128	11	272	139	3	2
1875	KINGSTON	425	138	2	113	140	3	1
1876	KINGSTON	425	138	9	119	147	3	1
1877	KINGSTON	425	138	5	268	143	3	2
1878	KINGSTON	425	138	1	272	139	3	2
1879	KINGSTON	425	138	12	275	150	3	2
1880	KINGSTON	425	138	8	279	146	3	2
1881	KINGSTON	428	135	5	113	140	3	1
1882	KINGSTON	428	135	12	119	147	3	1
1883	KINGSTON	428	135	1	261	136	3	2
1884	KINGSTON	428	135	8	268	143	3	2
1885	KINGSTON	428	135	4	272	139	3	2
1886	KINGSTON	428	135	11	279	146	3	2
1887	KINGSTON	432	145	2	119	147	3	1
1888	KINGSTON	432	145	9	125	154	3	1
1889	KINGSTON	432	145	5	275	150	3	2
1890	KINGSTON	432	145	1	279	146	3	2
1891	KINGSTON	432	145	12	282	157	3	2
1892	KINGSTON	432	145	8	286	153	3	2
1893	KINGSTON	435	142	5	119	147	3	1
1894	KINGSTON	435	142	12	125	154	3	1
1895	KINGSTON	435	142	1	268	143	3	2
1896	KINGSTON	435	142	8	275	150	3	2
1897	KINGSTON	435	142	4	279	146	3	2
1898	KINGSTON	435	142	11	286	153	3	2
1899	KINGSTON	439	152	2	125	154	3	1
1900	KINGSTON	439	152	9	131	161	3	1
1901	KINGSTON	439	152	5	282	157	3	2
1902	KINGSTON	439	152	1	286	153	3	2
1903	KINGSTON	439	152	12	289	164	3	2
1904	KINGSTON	439	152	8	293	160	3	2
1905	KINGSTON	442	149	5	125	154	3	1
1906	KINGSTON	442	149	12	131	161	3	1
1907	KINGSTON	442	149	1	275	150	3	2
1908	KINGSTON	442	149	8	282	157	3	2
1909	KINGSTON	442	149	4	286	153	3	2
1910	KINGSTON	442	149	11	293	160	3	2
1911	KINGSTON	446	159	2	131	161	3	1
1912	KINGSTON	446	159	9	137	168	3	1
1913	KINGSTON	446	159	5	289	164	3	2
1914	KINGSTON	446	159	1	293	160	3	2
1915	KINGSTON	446	159	12	296	171	3	2
1916	KINGSTON	446	159	8	300	167	3	2
1917	KINGSTON	449	156	5	131	161	3	1
1918	KINGSTON	449	156	12	137	168	3	1
1919	KINGSTON	449	156	1	282	157	3	2
1920	KINGSTON	449	156	8	289	164	3	2
1921	KINGSTON	449	156	4	293	160	3	2
1922	KINGSTON	449	156	11	300	167	3	2
1923	KINGSTON	453	166	2	137	168	3	1
1924	KINGSTON	453	166	5	296	171	3	2
1925	KINGSTON	453	166	1	300	167	3	2
1926	KINGSTON	453	166	12	303	178	3	2
1927	KINGSTON	456	163	5	137	168	3	1
1928	KINGSTON	456	163	1	289	164	3	2
1929	KINGSTON	456	163	8	296	171	3	2
1930	KINGSTON	456	163	4	300	167	3	2
1931	KINGSTON	460	173	5	303	178	3	2
1932	KINGSTON	463	170	1	296	171	3	2
1933	KINGSTON	463	170	8	303	178	3	2
1934	PORT EVERGLADES, FL	467	5	5	143	10	4	2
1935	PORT EVERGLADES, FL	467	5	12	151	17	4	2
1936	NEW YORK, NY	469	11	4	9	15	4	1
1937	NEW YORK, NY	469	11	11	16	22	4	1
1938	PORT EVERGLADES, FL	477	54	5	194	59	4	2
1939	PORT EVERGLADES, FL	477	54	12	201	66	4	2
1940	PORT EVERGLADES, FL	478	12	5	151	17	4	2
1941	PORT EVERGLADES, FL	478	12	12	159	24	4	2
1942	NEW YORK, NY	480	18	4	16	22	4	1
1943	NEW YORK, NY	480	18	11	22	29	4	1
1944	PORT EVERGLADES, FL	488	61	5	201	66	4	2
1945	PORT EVERGLADES, FL	488	61	12	208	73	4	2
1946	PORT EVERGLADES, FL	489	19	5	159	24	4	2
1947	PORT EVERGLADES, FL	489	19	12	166	31	4	2
1948	NEW YORK, NY	491	25	4	22	29	4	1
1949	NEW YORK, NY	491	25	11	28	36	4	1
1950	PORT EVERGLADES, FL	499	68	5	208	73	4	2
1951	PORT EVERGLADES, FL	499	68	12	215	80	4	2
1952	PORT EVERGLADES, FL	500	26	5	166	31	4	2
1953	PORT EVERGLADES, FL	500	26	12	173	38	4	2
1954	NEW YORK, NY	502	32	4	28	36	4	1
1955	NEW YORK, NY	502	32	11	34	43	4	1
1956	PORT EVERGLADES, FL	510	75	5	215	80	4	2
1957	PORT EVERGLADES, FL	510	75	12	222	87	4	2
1958	PORT EVERGLADES, FL	511	33	5	173	38	4	2
1959	PORT EVERGLADES, FL	511	33	12	180	45	4	2
1960	NEW YORK, NY	513	39	4	34	43	4	1
1961	NEW YORK, NY	513	39	11	40	50	4	1
1962	PORT EVERGLADES, FL	521	82	5	222	87	4	2
1963	PORT EVERGLADES, FL	521	82	12	229	94	4	2
1964	PORT EVERGLADES, FL	522	40	5	180	45	4	2
1965	PORT EVERGLADES, FL	522	40	12	187	52	4	2
1966	NEW YORK, NY	524	46	4	40	50	4	1
1967	NEW YORK, NY	524	46	11	46	57	4	1
1968	PORT EVERGLADES, FL	532	89	5	229	94	4	2
1969	PORT EVERGLADES, FL	532	89	12	236	101	4	2
1970	PORT EVERGLADES, FL	533	47	5	187	52	4	2
1971	PORT EVERGLADES, FL	533	47	12	194	59	4	2
1972	NEW YORK, NY	535	53	4	46	57	4	1
1973	NEW YORK, NY	535	53	11	52	64	4	1
1974	PORT EVERGLADES, FL	543	96	5	236	101	4	2
1975	PORT EVERGLADES, FL	543	96	12	243	108	4	2
1976	NEW YORK, NY	545	60	4	52	64	4	1
1977	NEW YORK, NY	545	60	11	58	71	4	1
1978	PORT EVERGLADES, FL	553	103	5	243	108	4	2
1979	PORT EVERGLADES, FL	553	103	12	250	115	4	2
1980	NEW YORK, NY	555	67	4	58	71	4	1
1981	NEW YORK, NY	555	67	11	64	78	4	1
1982	PORT EVERGLADES, FL	563	110	5	250	115	4	2
1983	PORT EVERGLADES, FL	563	110	12	257	122	4	2
1984	NEW YORK, NY	565	74	4	64	78	4	1
1985	NEW YORK, NY	565	74	11	70	85	4	1
1986	PORT EVERGLADES, FL	573	117	5	257	122	4	2
1987	PORT EVERGLADES, FL	573	117	12	264	129	4	2
1988	NEW YORK, NY	575	81	4	70	85	4	1
1989	NEW YORK, NY	575	81	11	76	92	4	1
1990	PORT EVERGLADES, FL	583	124	5	264	129	4	2
1991	PORT EVERGLADES, FL	583	124	12	271	136	4	2
1992	NEW YORK, NY	585	88	4	76	92	4	1
1993	NEW YORK, NY	585	88	11	82	99	4	1
1994	PORT EVERGLADES, FL	593	131	5	271	136	4	2
1995	PORT EVERGLADES, FL	593	131	12	278	143	4	2
1996	NEW YORK, NY	595	95	4	82	99	4	1
1997	NEW YORK, NY	595	95	11	88	106	4	1
1998	PORT EVERGLADES, FL	603	138	5	278	143	4	2
1999	PORT EVERGLADES, FL	603	138	12	285	150	4	2
2000	NEW YORK, NY	605	102	4	88	106	4	1
2001	NEW YORK, NY	605	102	11	94	113	4	1
2002	PORT EVERGLADES, FL	613	145	5	285	150	4	2
2003	PORT EVERGLADES, FL	613	145	12	292	157	4	2
2004	NEW YORK, NY	615	109	4	94	113	4	1
2005	NEW YORK, NY	615	109	11	100	120	4	1
2006	PORT EVERGLADES, FL	623	152	5	292	157	4	2
2007	PORT EVERGLADES, FL	623	152	12	299	164	4	2
2008	NEW YORK, NY	625	116	4	100	120	4	1
2009	NEW YORK, NY	625	116	11	106	127	4	1
2010	PORT EVERGLADES, FL	633	159	5	299	164	4	2
2011	NEW YORK, NY	635	123	4	106	127	4	1
2012	NEW YORK, NY	635	123	11	112	134	4	1
2013	NEW YORK, NY	645	130	4	112	134	4	1
2014	NEW YORK, NY	645	130	11	118	141	4	1
2015	NEW YORK, NY	655	137	4	118	141	4	1
2016	NEW YORK, NY	655	137	11	124	148	4	1
2017	BALBOA	663	5	0	856	5	5	6
2018	BALBOA	663	5	7	863	12	5	6
2019	PUERTO CALDERA	664	8	4	1000	12	5	7
2020	PUERTO CALDERA	664	8	11	1004	19	5	7
2021	PUERTO QUETZAL	665	10	4	859	14	5	6
2022	PUERTO QUETZAL	665	10	11	866	21	5	6
2023	PUERTO QUETZAL	665	10	4	1001	14	5	7
2024	PUERTO QUETZAL	665	10	11	1005	21	5	7
2025	LAZARO CARDENAS	666	12	5	860	17	5	6
2026	LAZARO CARDENAS	666	12	12	867	24	5	6
2027	LAZARO CARDENAS	669	30	1	874	31	5	6
2028	LAZARO CARDENAS	669	30	8	880	38	5	6
2029	PUERTO QUETZAL	670	34	1	879	35	5	6
2030	PUERTO QUETZAL	670	34	8	885	42	5	6
2031	PUERTO QUETZAL	670	34	1	1011	35	5	7
2032	PUERTO QUETZAL	670	34	8	1014	42	5	7
2033	CORINTO	671	35	1	883	36	5	6
2034	CORINTO	671	35	8	889	43	5	6
2035	BALBOA	672	40	0	876	40	5	6
2036	BALBOA	672	40	7	882	47	5	6
2037	BALBOA	673	12	0	863	12	5	6
2038	BALBOA	673	12	7	870	19	5	6
2039	PUERTO CALDERA	674	15	11	999	26	5	7
2040	PUERTO CALDERA	674	15	4	1004	19	5	7
2041	PUERTO QUETZAL	675	17	4	866	21	5	6
2042	PUERTO QUETZAL	675	17	11	873	28	5	6
2043	PUERTO QUETZAL	675	17	4	1005	21	5	7
2044	PUERTO QUETZAL	675	17	11	1008	28	5	7
2045	LAZARO CARDENAS	676	19	5	867	24	5	6
2046	LAZARO CARDENAS	676	19	12	874	31	5	6
2047	LOS ANGELES,CA	677	26	13	1072	39	5	8
2048	LAZARO CARDENAS	679	37	1	880	38	5	6
2049	LAZARO CARDENAS	679	37	8	886	45	5	6
2050	PUERTO QUETZAL	680	41	1	885	42	5	6
2051	PUERTO QUETZAL	680	41	8	891	49	5	6
2052	PUERTO QUETZAL	680	41	1	1014	42	5	7
2053	PUERTO QUETZAL	680	41	8	1017	49	5	7
2054	CORINTO	681	42	1	889	43	5	6
2055	CORINTO	681	42	8	895	50	5	6
2056	BALBOA	682	47	0	882	47	5	6
2057	BALBOA	682	47	7	888	54	5	6
2058	BALBOA	683	19	7	862	26	5	6
2059	BALBOA	683	19	0	870	19	5	6
2060	PUERTO CALDERA	684	22	4	999	26	5	7
2061	PUERTO CALDERA	684	22	11	1003	33	5	7
2062	PUERTO QUETZAL	685	24	4	873	28	5	6
2063	PUERTO QUETZAL	685	24	11	879	35	5	6
2064	PUERTO QUETZAL	685	24	4	1008	28	5	7
2065	PUERTO QUETZAL	685	24	11	1011	35	5	7
2066	LAZARO CARDENAS	686	26	5	874	31	5	6
2067	LAZARO CARDENAS	686	26	12	880	38	5	6
2068	LOS ANGELES,CA	687	33	6	1072	39	5	8
2069	LOS ANGELES,CA	687	33	13	1080	46	5	8
2070	LAZARO CARDENAS	689	44	1	886	45	5	6
2071	LAZARO CARDENAS	689	44	8	892	52	5	6
2072	PUERTO QUETZAL	690	48	1	891	49	5	6
2073	PUERTO QUETZAL	690	48	8	897	56	5	6
2074	PUERTO QUETZAL	690	48	1	1017	49	5	7
2075	PUERTO QUETZAL	690	48	8	1020	56	5	7
2076	CORINTO	691	49	1	895	50	5	6
2077	CORINTO	691	49	8	901	57	5	6
2078	BALBOA	692	54	0	888	54	5	6
2079	BALBOA	692	54	7	894	61	5	6
2080	BALBOA	693	26	0	862	26	5	6
2081	BALBOA	693	26	7	869	33	5	6
2082	PUERTO CALDERA	694	29	4	1003	33	5	7
2083	PUERTO CALDERA	694	29	11	1007	40	5	7
2084	PUERTO QUETZAL	695	31	4	879	35	5	6
2085	PUERTO QUETZAL	695	31	11	885	42	5	6
2086	PUERTO QUETZAL	695	31	4	1011	35	5	7
2087	PUERTO QUETZAL	695	31	11	1014	42	5	7
2088	LAZARO CARDENAS	696	33	5	880	38	5	6
2089	LAZARO CARDENAS	696	33	12	886	45	5	6
2090	LOS ANGELES,CA	697	40	6	1080	46	5	8
2091	LOS ANGELES,CA	697	40	13	1088	53	5	8
2092	LAZARO CARDENAS	699	51	1	892	52	5	6
2093	LAZARO CARDENAS	699	51	8	898	59	5	6
2094	PUERTO QUETZAL	700	55	1	897	56	5	6
2095	PUERTO QUETZAL	700	55	8	903	63	5	6
2096	PUERTO QUETZAL	700	55	1	1020	56	5	7
2097	PUERTO QUETZAL	700	55	8	1023	63	5	7
2098	CORINTO	701	56	1	901	57	5	6
2099	CORINTO	701	56	8	907	64	5	6
2100	BALBOA	702	61	0	894	61	5	6
2101	BALBOA	702	61	7	900	68	5	6
2102	BALBOA	703	33	0	869	33	5	6
2103	BALBOA	703	33	7	876	40	5	6
2104	PUERTO CALDERA	704	36	4	1007	40	5	7
2105	PUERTO CALDERA	704	36	11	1010	47	5	7
2106	PUERTO QUETZAL	705	38	4	885	42	5	6
2107	PUERTO QUETZAL	705	38	11	891	49	5	6
2108	PUERTO QUETZAL	705	38	4	1014	42	5	7
2109	PUERTO QUETZAL	705	38	11	1017	49	5	7
2110	LAZARO CARDENAS	706	40	5	886	45	5	6
2111	LAZARO CARDENAS	706	40	12	892	52	5	6
2112	LOS ANGELES,CA	707	47	6	1088	53	5	8
2113	LOS ANGELES,CA	707	47	13	1096	60	5	8
2114	LAZARO CARDENAS	709	58	1	898	59	5	6
2115	LAZARO CARDENAS	709	58	8	904	66	5	6
2116	PUERTO QUETZAL	710	62	1	903	63	5	6
2117	PUERTO QUETZAL	710	62	8	909	70	5	6
2118	PUERTO QUETZAL	710	62	1	1023	63	5	7
2119	PUERTO QUETZAL	710	62	8	1026	70	5	7
2120	CORINTO	711	63	1	907	64	5	6
2121	CORINTO	711	63	8	913	71	5	6
2122	BALBOA	712	68	0	900	68	5	6
2123	BALBOA	712	68	7	906	75	5	6
2124	PUERTO CALDERA	713	43	4	1010	47	5	7
2125	PUERTO CALDERA	713	43	11	1013	54	5	7
2126	PUERTO QUETZAL	714	45	4	891	49	5	6
2127	PUERTO QUETZAL	714	45	11	897	56	5	6
2128	PUERTO QUETZAL	714	45	4	1017	49	5	7
2129	PUERTO QUETZAL	714	45	11	1020	56	5	7
2130	LAZARO CARDENAS	715	47	5	892	52	5	6
2131	LAZARO CARDENAS	715	47	12	898	59	5	6
2132	LOS ANGELES,CA	716	54	6	1096	60	5	8
2133	LOS ANGELES,CA	716	54	13	1104	67	5	8
2134	LAZARO CARDENAS	718	65	1	904	66	5	6
2135	LAZARO CARDENAS	718	65	8	910	73	5	6
2136	PUERTO QUETZAL	719	69	1	909	70	5	6
2137	PUERTO QUETZAL	719	69	8	915	77	5	6
2138	PUERTO QUETZAL	719	69	1	1026	70	5	7
2139	PUERTO QUETZAL	719	69	8	1029	77	5	7
2140	CORINTO	720	70	1	913	71	5	6
2141	CORINTO	720	70	8	919	78	5	6
2142	BALBOA	721	75	0	906	75	5	6
2143	BALBOA	721	75	7	912	82	5	6
2144	PUERTO CALDERA	722	50	4	1013	54	5	7
2145	PUERTO CALDERA	722	50	11	1016	61	5	7
2146	PUERTO QUETZAL	723	52	4	897	56	5	6
2147	PUERTO QUETZAL	723	52	11	903	63	5	6
2148	PUERTO QUETZAL	723	52	4	1020	56	5	7
2149	PUERTO QUETZAL	723	52	11	1023	63	5	7
2150	LAZARO CARDENAS	724	54	5	898	59	5	6
2151	LAZARO CARDENAS	724	54	12	904	66	5	6
2152	LOS ANGELES,CA	725	61	6	1104	67	5	8
2153	LOS ANGELES,CA	725	61	13	1112	74	5	8
2154	LAZARO CARDENAS	727	72	1	910	73	5	6
2155	LAZARO CARDENAS	727	72	8	916	80	5	6
2156	PUERTO QUETZAL	728	76	1	915	77	5	6
2157	PUERTO QUETZAL	728	76	8	921	84	5	6
2158	PUERTO QUETZAL	728	76	1	1029	77	5	7
2159	PUERTO QUETZAL	728	76	8	1032	84	5	7
2160	CORINTO	729	77	1	919	78	5	6
2161	CORINTO	729	77	8	925	85	5	6
2162	BALBOA	730	82	0	912	82	5	6
2163	BALBOA	730	82	7	918	89	5	6
2164	PUERTO CALDERA	731	57	4	1016	61	5	7
2165	PUERTO CALDERA	731	57	11	1019	68	5	7
2166	PUERTO QUETZAL	732	59	4	903	63	5	6
2167	PUERTO QUETZAL	732	59	11	909	70	5	6
2168	PUERTO QUETZAL	732	59	4	1023	63	5	7
2169	PUERTO QUETZAL	732	59	11	1026	70	5	7
2170	LAZARO CARDENAS	733	61	5	904	66	5	6
2171	LAZARO CARDENAS	733	61	12	910	73	5	6
2172	LOS ANGELES,CA	734	68	6	1112	74	5	8
2173	LOS ANGELES,CA	734	68	13	1120	81	5	8
2174	LAZARO CARDENAS	736	79	1	916	80	5	6
2175	LAZARO CARDENAS	736	79	8	922	87	5	6
2176	PUERTO QUETZAL	737	83	1	921	84	5	6
2177	PUERTO QUETZAL	737	83	8	927	91	5	6
2178	PUERTO QUETZAL	737	83	1	1032	84	5	7
2179	PUERTO QUETZAL	737	83	8	1035	91	5	7
2180	CORINTO	738	84	1	925	85	5	6
2181	CORINTO	738	84	8	931	92	5	6
2182	BALBOA	739	89	0	918	89	5	6
2183	BALBOA	739	89	7	924	96	5	6
2184	PUERTO CALDERA	740	64	4	1019	68	5	7
2185	PUERTO CALDERA	740	64	11	1022	75	5	7
2186	PUERTO QUETZAL	741	66	4	909	70	5	6
2187	PUERTO QUETZAL	741	66	11	915	77	5	6
2188	PUERTO QUETZAL	741	66	4	1026	70	5	7
2189	PUERTO QUETZAL	741	66	11	1029	77	5	7
2190	LAZARO CARDENAS	742	68	5	910	73	5	6
2191	LAZARO CARDENAS	742	68	12	916	80	5	6
2192	LOS ANGELES,CA	743	75	6	1120	81	5	8
2193	LOS ANGELES,CA	743	75	13	1128	88	5	8
2194	LAZARO CARDENAS	745	86	1	922	87	5	6
2195	LAZARO CARDENAS	745	86	8	928	94	5	6
2196	PUERTO QUETZAL	746	90	1	927	91	5	6
2197	PUERTO QUETZAL	746	90	8	933	98	5	6
2198	PUERTO QUETZAL	746	90	1	1035	91	5	7
2199	PUERTO QUETZAL	746	90	8	1038	98	5	7
2200	CORINTO	747	91	1	931	92	5	6
2201	CORINTO	747	91	8	937	99	5	6
2202	BALBOA	748	96	0	924	96	5	6
2203	BALBOA	748	96	7	930	103	5	6
2204	PUERTO CALDERA	749	71	4	1022	75	5	7
2205	PUERTO CALDERA	749	71	11	1025	82	5	7
2206	PUERTO QUETZAL	750	73	4	915	77	5	6
2207	PUERTO QUETZAL	750	73	11	921	84	5	6
2208	PUERTO QUETZAL	750	73	4	1029	77	5	7
2209	PUERTO QUETZAL	750	73	11	1032	84	5	7
2210	LAZARO CARDENAS	751	75	5	916	80	5	6
2211	LAZARO CARDENAS	751	75	12	922	87	5	6
2212	LOS ANGELES,CA	752	82	6	1128	88	5	8
2213	LOS ANGELES,CA	752	82	13	1136	95	5	8
2214	LAZARO CARDENAS	754	93	1	928	94	5	6
2215	LAZARO CARDENAS	754	93	8	934	101	5	6
2216	PUERTO QUETZAL	755	97	1	933	98	5	6
2217	PUERTO QUETZAL	755	97	8	939	105	5	6
2218	PUERTO QUETZAL	755	97	1	1038	98	5	7
2219	PUERTO QUETZAL	755	97	8	1041	105	5	7
2220	CORINTO	756	98	1	937	99	5	6
2221	CORINTO	756	98	8	943	106	5	6
2222	BALBOA	757	103	0	930	103	5	6
2223	BALBOA	757	103	7	936	110	5	6
2224	PUERTO CALDERA	758	78	4	1025	82	5	7
2225	PUERTO CALDERA	758	78	11	1028	89	5	7
2226	PUERTO QUETZAL	759	80	4	921	84	5	6
2227	PUERTO QUETZAL	759	80	11	927	91	5	6
2228	PUERTO QUETZAL	759	80	4	1032	84	5	7
2229	PUERTO QUETZAL	759	80	11	1035	91	5	7
2230	LAZARO CARDENAS	760	82	5	922	87	5	6
2231	LAZARO CARDENAS	760	82	12	928	94	5	6
2232	LOS ANGELES,CA	761	89	6	1136	95	5	8
2233	LOS ANGELES,CA	761	89	13	1144	102	5	8
2234	LAZARO CARDENAS	763	100	1	934	101	5	6
2235	LAZARO CARDENAS	763	100	8	940	108	5	6
2236	PUERTO QUETZAL	764	104	1	939	105	5	6
2237	PUERTO QUETZAL	764	104	8	945	112	5	6
2238	PUERTO QUETZAL	764	104	1	1041	105	5	7
2239	PUERTO QUETZAL	764	104	8	1044	112	5	7
2240	CORINTO	765	105	1	943	106	5	6
2241	CORINTO	765	105	8	949	113	5	6
2242	BALBOA	766	110	0	936	110	5	6
2243	BALBOA	766	110	7	942	117	5	6
2244	PUERTO CALDERA	767	85	4	1028	89	5	7
2245	PUERTO CALDERA	767	85	11	1031	96	5	7
2246	PUERTO QUETZAL	768	87	4	927	91	5	6
2247	PUERTO QUETZAL	768	87	11	933	98	5	6
2248	PUERTO QUETZAL	768	87	4	1035	91	5	7
2249	PUERTO QUETZAL	768	87	11	1038	98	5	7
2250	LAZARO CARDENAS	769	89	5	928	94	5	6
2251	LAZARO CARDENAS	769	89	12	934	101	5	6
2252	LOS ANGELES,CA	770	96	6	1144	102	5	8
2253	LOS ANGELES,CA	770	96	13	1152	109	5	8
2254	LAZARO CARDENAS	772	107	1	940	108	5	6
2255	LAZARO CARDENAS	772	107	8	946	115	5	6
2256	PUERTO QUETZAL	773	111	1	945	112	5	6
2257	PUERTO QUETZAL	773	111	8	951	119	5	6
2258	PUERTO QUETZAL	773	111	1	1044	112	5	7
2259	PUERTO QUETZAL	773	111	8	1047	119	5	7
2260	CORINTO	774	112	1	949	113	5	6
2261	CORINTO	774	112	8	955	120	5	6
2262	BALBOA	775	117	0	942	117	5	6
2263	BALBOA	775	117	7	948	124	5	6
2264	PUERTO CALDERA	776	92	4	1031	96	5	7
2265	PUERTO CALDERA	776	92	11	1034	103	5	7
2266	PUERTO QUETZAL	777	94	4	933	98	5	6
2267	PUERTO QUETZAL	777	94	11	939	105	5	6
2268	PUERTO QUETZAL	777	94	4	1038	98	5	7
2269	PUERTO QUETZAL	777	94	11	1041	105	5	7
2270	LAZARO CARDENAS	778	96	5	934	101	5	6
2271	LAZARO CARDENAS	778	96	12	940	108	5	6
2272	LOS ANGELES,CA	779	103	6	1152	109	5	8
2273	LOS ANGELES,CA	779	103	13	1159	116	5	8
2274	LAZARO CARDENAS	781	114	1	946	115	5	6
2275	LAZARO CARDENAS	781	114	8	952	122	5	6
2276	PUERTO QUETZAL	782	118	1	951	119	5	6
2277	PUERTO QUETZAL	782	118	8	957	126	5	6
2278	PUERTO QUETZAL	782	118	1	1047	119	5	7
2279	PUERTO QUETZAL	782	118	8	1050	126	5	7
2280	CORINTO	783	119	1	955	120	5	6
2281	CORINTO	783	119	8	961	127	5	6
2282	BALBOA	784	124	0	948	124	5	6
2283	BALBOA	784	124	7	954	131	5	6
2284	PUERTO CALDERA	785	99	4	1034	103	5	7
2285	PUERTO CALDERA	785	99	11	1037	110	5	7
2286	PUERTO QUETZAL	786	101	4	939	105	5	6
2287	PUERTO QUETZAL	786	101	11	945	112	5	6
2288	PUERTO QUETZAL	786	101	4	1041	105	5	7
2289	PUERTO QUETZAL	786	101	11	1044	112	5	7
2290	LAZARO CARDENAS	787	103	5	940	108	5	6
2291	LAZARO CARDENAS	787	103	12	946	115	5	6
2292	LOS ANGELES,CA	788	110	6	1159	116	5	8
2293	LOS ANGELES,CA	788	110	13	1166	123	5	8
2294	LAZARO CARDENAS	790	121	1	952	122	5	6
2295	LAZARO CARDENAS	790	121	8	958	129	5	6
2296	PUERTO QUETZAL	791	125	1	957	126	5	6
2297	PUERTO QUETZAL	791	125	8	963	133	5	6
2298	PUERTO QUETZAL	791	125	1	1050	126	5	7
2299	PUERTO QUETZAL	791	125	8	1053	133	5	7
2300	CORINTO	792	126	1	961	127	5	6
2301	CORINTO	792	126	8	967	134	5	6
2302	BALBOA	793	131	0	954	131	5	6
2303	BALBOA	793	131	7	960	138	5	6
2304	PUERTO CALDERA	794	106	4	1037	110	5	7
2305	PUERTO CALDERA	794	106	11	1040	117	5	7
2306	PUERTO QUETZAL	795	108	4	945	112	5	6
2307	PUERTO QUETZAL	795	108	11	951	119	5	6
2308	PUERTO QUETZAL	795	108	4	1044	112	5	7
2309	PUERTO QUETZAL	795	108	11	1047	119	5	7
2310	LAZARO CARDENAS	796	110	5	946	115	5	6
2311	LAZARO CARDENAS	796	110	12	952	122	5	6
2312	LOS ANGELES,CA	797	117	6	1166	123	5	8
2313	LOS ANGELES,CA	797	117	13	1173	130	5	8
2314	LAZARO CARDENAS	799	128	1	958	129	5	6
2315	LAZARO CARDENAS	799	128	8	964	136	5	6
2316	PUERTO QUETZAL	800	132	1	963	133	5	6
2317	PUERTO QUETZAL	800	132	8	969	140	5	6
2318	PUERTO QUETZAL	800	132	1	1053	133	5	7
2319	PUERTO QUETZAL	800	132	8	1056	140	5	7
2320	CORINTO	801	133	1	967	134	5	6
2321	CORINTO	801	133	8	973	141	5	6
2322	BALBOA	802	138	0	960	138	5	6
2323	BALBOA	802	138	7	966	145	5	6
2324	PUERTO CALDERA	803	113	4	1040	117	5	7
2325	PUERTO CALDERA	803	113	11	1043	124	5	7
2326	PUERTO QUETZAL	804	115	4	951	119	5	6
2327	PUERTO QUETZAL	804	115	11	957	126	5	6
2328	PUERTO QUETZAL	804	115	4	1047	119	5	7
2329	PUERTO QUETZAL	804	115	11	1050	126	5	7
2330	LAZARO CARDENAS	805	117	5	952	122	5	6
2331	LAZARO CARDENAS	805	117	12	958	129	5	6
2332	LOS ANGELES,CA	806	124	6	1173	130	5	8
2333	LOS ANGELES,CA	806	124	13	1180	137	5	8
2334	LAZARO CARDENAS	808	135	1	964	136	5	6
2335	LAZARO CARDENAS	808	135	8	970	143	5	6
2336	PUERTO QUETZAL	809	139	1	969	140	5	6
2337	PUERTO QUETZAL	809	139	8	975	147	5	6
2338	PUERTO QUETZAL	809	139	1	1056	140	5	7
2339	PUERTO QUETZAL	809	139	8	1059	147	5	7
2340	CORINTO	810	140	1	973	141	5	6
2341	CORINTO	810	140	8	979	148	5	6
2342	BALBOA	811	145	0	966	145	5	6
2343	BALBOA	811	145	7	972	152	5	6
2344	PUERTO CALDERA	812	120	4	1043	124	5	7
2345	PUERTO CALDERA	812	120	11	1046	131	5	7
2346	PUERTO QUETZAL	813	122	4	957	126	5	6
2347	PUERTO QUETZAL	813	122	11	963	133	5	6
2348	PUERTO QUETZAL	813	122	4	1050	126	5	7
2349	PUERTO QUETZAL	813	122	11	1053	133	5	7
2350	LAZARO CARDENAS	814	124	5	958	129	5	6
2351	LAZARO CARDENAS	814	124	12	964	136	5	6
2352	LOS ANGELES,CA	815	131	6	1180	137	5	8
2353	LAZARO CARDENAS	817	142	1	970	143	5	6
2354	LAZARO CARDENAS	817	142	8	976	150	5	6
2355	PUERTO QUETZAL	818	146	1	975	147	5	6
2356	PUERTO QUETZAL	818	146	8	981	154	5	6
2357	PUERTO QUETZAL	818	146	1	1059	147	5	7
2358	PUERTO QUETZAL	818	146	8	1062	154	5	7
2359	CORINTO	819	147	1	979	148	5	6
2360	CORINTO	819	147	8	985	155	5	6
2361	BALBOA	820	152	0	972	152	5	6
2362	BALBOA	820	152	7	978	159	5	6
2363	PUERTO CALDERA	821	127	4	1046	131	5	7
2364	PUERTO CALDERA	821	127	11	1049	138	5	7
2365	PUERTO QUETZAL	822	129	4	963	133	5	6
2366	PUERTO QUETZAL	822	129	11	969	140	5	6
2367	PUERTO QUETZAL	822	129	4	1053	133	5	7
2368	PUERTO QUETZAL	822	129	11	1056	140	5	7
2369	LAZARO CARDENAS	823	131	5	964	136	5	6
2370	LAZARO CARDENAS	823	131	12	970	143	5	6
2371	LAZARO CARDENAS	826	149	1	976	150	5	6
2372	LAZARO CARDENAS	826	149	8	982	157	5	6
2373	PUERTO QUETZAL	827	153	1	981	154	5	6
2374	PUERTO QUETZAL	827	153	8	987	161	5	6
2375	PUERTO QUETZAL	827	153	1	1062	154	5	7
2376	PUERTO QUETZAL	827	153	8	1065	161	5	7
2377	CORINTO	828	154	1	985	155	5	6
2378	CORINTO	828	154	8	991	162	5	6
2379	BALBOA	829	159	0	978	159	5	6
2380	BALBOA	829	159	7	984	166	5	6
2381	PUERTO CALDERA	830	134	4	1049	138	5	7
2382	PUERTO CALDERA	830	134	11	1052	145	5	7
2383	PUERTO QUETZAL	831	136	4	969	140	5	6
2384	PUERTO QUETZAL	831	136	11	975	147	5	6
2385	PUERTO QUETZAL	831	136	4	1056	140	5	7
2386	PUERTO QUETZAL	831	136	11	1059	147	5	7
2387	LAZARO CARDENAS	832	138	5	970	143	5	6
2388	LAZARO CARDENAS	832	138	12	976	150	5	6
2389	LAZARO CARDENAS	835	156	1	982	157	5	6
2390	LAZARO CARDENAS	835	156	8	988	164	5	6
2391	PUERTO QUETZAL	836	160	1	987	161	5	6
2392	PUERTO QUETZAL	836	160	8	993	168	5	6
2393	PUERTO QUETZAL	836	160	1	1065	161	5	7
2394	CORINTO	837	161	1	991	162	5	6
2395	BALBOA	838	166	0	984	166	5	6
2396	BALBOA	838	166	7	990	173	5	6
2397	PUERTO CALDERA	839	141	4	1052	145	5	7
2398	PUERTO CALDERA	839	141	11	1055	152	5	7
2399	PUERTO QUETZAL	840	143	4	975	147	5	6
2400	PUERTO QUETZAL	840	143	11	981	154	5	6
2401	PUERTO QUETZAL	840	143	4	1059	147	5	7
2402	PUERTO QUETZAL	840	143	11	1062	154	5	7
2403	LAZARO CARDENAS	841	145	5	976	150	5	6
2404	LAZARO CARDENAS	841	145	12	982	157	5	6
2405	LAZARO CARDENAS	844	163	1	988	164	5	6
2406	LAZARO CARDENAS	844	163	8	994	171	5	6
2407	PUERTO QUETZAL	845	167	1	993	168	5	6
2408	BALBOA	847	173	0	990	173	5	6
2409	PUERTO CALDERA	848	148	4	1055	152	5	7
2410	PUERTO CALDERA	848	148	11	1058	159	5	7
2411	PUERTO QUETZAL	849	150	4	981	154	5	6
2412	PUERTO QUETZAL	849	150	11	987	161	5	6
2413	PUERTO QUETZAL	849	150	4	1062	154	5	7
2414	PUERTO QUETZAL	849	150	11	1065	161	5	7
2415	LAZARO CARDENAS	850	152	5	982	157	5	6
2416	LAZARO CARDENAS	850	152	12	988	164	5	6
2417	LAZARO CARDENAS	853	170	1	994	171	5	6
2418	BALBOA	856	5	0	663	5	6	5
2419	BALBOA	856	5	7	673	12	6	5
2420	PUERTO QUETZAL	859	14	3	675	17	6	5
2421	PUERTO QUETZAL	859	14	10	685	24	6	5
2422	PUERTO QUETZAL	859	14	0	1001	14	6	7
2423	PUERTO QUETZAL	859	14	7	1005	21	6	7
2424	LAZARO CARDENAS	860	17	13	669	30	6	5
2425	LAZARO CARDENAS	860	17	2	676	19	6	5
2426	LAZARO CARDENAS	860	17	9	686	26	6	5
2427	BALBOA	862	26	0	693	26	6	5
2428	BALBOA	862	26	7	703	33	6	5
2429	BALBOA	863	12	0	673	12	6	5
2430	BALBOA	863	12	7	683	19	6	5
2431	PUERTO QUETZAL	866	21	13	670	34	6	5
2432	PUERTO QUETZAL	866	21	3	685	24	6	5
2433	PUERTO QUETZAL	866	21	10	695	31	6	5
2434	PUERTO QUETZAL	866	21	0	1005	21	6	7
2435	PUERTO QUETZAL	866	21	7	1008	28	6	7
2436	LAZARO CARDENAS	867	24	6	669	30	6	5
2437	LAZARO CARDENAS	867	24	13	679	37	6	5
2438	LAZARO CARDENAS	867	24	2	686	26	6	5
2439	LAZARO CARDENAS	867	24	9	696	33	6	5
2440	BALBOA	869	33	7	672	40	6	5
2441	BALBOA	869	33	0	703	33	6	5
2442	BALBOA	870	19	0	683	19	6	5
2443	BALBOA	870	19	7	693	26	6	5
2444	CORINTO	871	22	13	671	35	6	5
2445	PUERTO QUETZAL	873	28	6	670	34	6	5
2446	PUERTO QUETZAL	873	28	13	680	41	6	5
2447	PUERTO QUETZAL	873	28	3	695	31	6	5
2448	PUERTO QUETZAL	873	28	10	705	38	6	5
2449	PUERTO QUETZAL	873	28	0	1008	28	6	7
2450	PUERTO QUETZAL	873	28	7	1011	35	6	7
2451	LAZARO CARDENAS	874	31	6	679	37	6	5
2452	LAZARO CARDENAS	874	31	13	689	44	6	5
2453	LAZARO CARDENAS	874	31	2	696	33	6	5
2454	LAZARO CARDENAS	874	31	9	706	40	6	5
2455	BALBOA	876	40	0	672	40	6	5
2456	BALBOA	876	40	7	682	47	6	5
2457	CORINTO	877	29	6	671	35	6	5
2458	CORINTO	877	29	13	681	42	6	5
2459	PUERTO QUETZAL	879	35	6	680	41	6	5
2460	PUERTO QUETZAL	879	35	13	690	48	6	5
2461	PUERTO QUETZAL	879	35	3	705	38	6	5
2462	PUERTO QUETZAL	879	35	10	714	45	6	5
2463	PUERTO QUETZAL	879	35	0	1011	35	6	7
2464	PUERTO QUETZAL	879	35	7	1014	42	6	7
2465	LAZARO CARDENAS	880	38	6	689	44	6	5
2466	LAZARO CARDENAS	880	38	13	699	51	6	5
2467	LAZARO CARDENAS	880	38	2	706	40	6	5
2468	LAZARO CARDENAS	880	38	9	715	47	6	5
2469	BALBOA	882	47	0	682	47	6	5
2470	BALBOA	882	47	7	692	54	6	5
2471	CORINTO	883	36	6	681	42	6	5
2472	CORINTO	883	36	13	691	49	6	5
2473	PUERTO QUETZAL	885	42	6	690	48	6	5
2474	PUERTO QUETZAL	885	42	13	700	55	6	5
2475	PUERTO QUETZAL	885	42	3	714	45	6	5
2476	PUERTO QUETZAL	885	42	10	723	52	6	5
2477	PUERTO QUETZAL	885	42	0	1014	42	6	7
2478	PUERTO QUETZAL	885	42	7	1017	49	6	7
2479	LAZARO CARDENAS	886	45	6	699	51	6	5
2480	LAZARO CARDENAS	886	45	13	709	58	6	5
2481	LAZARO CARDENAS	886	45	2	715	47	6	5
2482	LAZARO CARDENAS	886	45	9	724	54	6	5
2483	BALBOA	888	54	0	692	54	6	5
2484	BALBOA	888	54	7	702	61	6	5
2485	CORINTO	889	43	6	691	49	6	5
2486	CORINTO	889	43	13	701	56	6	5
2487	PUERTO QUETZAL	891	49	6	700	55	6	5
2488	PUERTO QUETZAL	891	49	13	710	62	6	5
2489	PUERTO QUETZAL	891	49	3	723	52	6	5
2490	PUERTO QUETZAL	891	49	10	732	59	6	5
2491	PUERTO QUETZAL	891	49	0	1017	49	6	7
2492	PUERTO QUETZAL	891	49	7	1020	56	6	7
2493	LAZARO CARDENAS	892	52	6	709	58	6	5
2494	LAZARO CARDENAS	892	52	13	718	65	6	5
2495	LAZARO CARDENAS	892	52	2	724	54	6	5
2496	LAZARO CARDENAS	892	52	9	733	61	6	5
2497	BALBOA	894	61	0	702	61	6	5
2498	BALBOA	894	61	7	712	68	6	5
2499	CORINTO	895	50	6	701	56	6	5
2500	CORINTO	895	50	13	711	63	6	5
2501	PUERTO QUETZAL	897	56	6	710	62	6	5
2502	PUERTO QUETZAL	897	56	13	719	69	6	5
2503	PUERTO QUETZAL	897	56	3	732	59	6	5
2504	PUERTO QUETZAL	897	56	10	741	66	6	5
2505	PUERTO QUETZAL	897	56	0	1020	56	6	7
2506	PUERTO QUETZAL	897	56	7	1023	63	6	7
2507	LAZARO CARDENAS	898	59	6	718	65	6	5
2508	LAZARO CARDENAS	898	59	13	727	72	6	5
2509	LAZARO CARDENAS	898	59	2	733	61	6	5
2510	LAZARO CARDENAS	898	59	9	742	68	6	5
2511	BALBOA	900	68	0	712	68	6	5
2512	BALBOA	900	68	7	721	75	6	5
2513	CORINTO	901	57	6	711	63	6	5
2514	CORINTO	901	57	13	720	70	6	5
2515	PUERTO QUETZAL	903	63	6	719	69	6	5
2516	PUERTO QUETZAL	903	63	13	728	76	6	5
2517	PUERTO QUETZAL	903	63	3	741	66	6	5
2518	PUERTO QUETZAL	903	63	10	750	73	6	5
2519	PUERTO QUETZAL	903	63	0	1023	63	6	7
2520	PUERTO QUETZAL	903	63	7	1026	70	6	7
2521	LAZARO CARDENAS	904	66	6	727	72	6	5
2522	LAZARO CARDENAS	904	66	13	736	79	6	5
2523	LAZARO CARDENAS	904	66	2	742	68	6	5
2524	LAZARO CARDENAS	904	66	9	751	75	6	5
2525	BALBOA	906	75	0	721	75	6	5
2526	BALBOA	906	75	7	730	82	6	5
2527	CORINTO	907	64	6	720	70	6	5
2528	CORINTO	907	64	13	729	77	6	5
2529	PUERTO QUETZAL	909	70	6	728	76	6	5
2530	PUERTO QUETZAL	909	70	13	737	83	6	5
2531	PUERTO QUETZAL	909	70	3	750	73	6	5
2532	PUERTO QUETZAL	909	70	10	759	80	6	5
2533	PUERTO QUETZAL	909	70	0	1026	70	6	7
2534	PUERTO QUETZAL	909	70	7	1029	77	6	7
2535	LAZARO CARDENAS	910	73	6	736	79	6	5
2536	LAZARO CARDENAS	910	73	13	745	86	6	5
2537	LAZARO CARDENAS	910	73	2	751	75	6	5
2538	LAZARO CARDENAS	910	73	9	760	82	6	5
2539	BALBOA	912	82	0	730	82	6	5
2540	BALBOA	912	82	7	739	89	6	5
2541	CORINTO	913	71	6	729	77	6	5
2542	CORINTO	913	71	13	738	84	6	5
2543	PUERTO QUETZAL	915	77	6	737	83	6	5
2544	PUERTO QUETZAL	915	77	13	746	90	6	5
2545	PUERTO QUETZAL	915	77	3	759	80	6	5
2546	PUERTO QUETZAL	915	77	10	768	87	6	5
2547	PUERTO QUETZAL	915	77	0	1029	77	6	7
2548	PUERTO QUETZAL	915	77	7	1032	84	6	7
2549	LAZARO CARDENAS	916	80	6	745	86	6	5
2550	LAZARO CARDENAS	916	80	13	754	93	6	5
2551	LAZARO CARDENAS	916	80	2	760	82	6	5
2552	LAZARO CARDENAS	916	80	9	769	89	6	5
2553	BALBOA	918	89	0	739	89	6	5
2554	BALBOA	918	89	7	748	96	6	5
2555	CORINTO	919	78	6	738	84	6	5
2556	CORINTO	919	78	13	747	91	6	5
2557	PUERTO QUETZAL	921	84	6	746	90	6	5
2558	PUERTO QUETZAL	921	84	13	755	97	6	5
2559	PUERTO QUETZAL	921	84	3	768	87	6	5
2560	PUERTO QUETZAL	921	84	10	777	94	6	5
2561	PUERTO QUETZAL	921	84	0	1032	84	6	7
2562	PUERTO QUETZAL	921	84	7	1035	91	6	7
2563	LAZARO CARDENAS	922	87	6	754	93	6	5
2564	LAZARO CARDENAS	922	87	13	763	100	6	5
2565	LAZARO CARDENAS	922	87	2	769	89	6	5
2566	LAZARO CARDENAS	922	87	9	778	96	6	5
2567	BALBOA	924	96	0	748	96	6	5
2568	BALBOA	924	96	7	757	103	6	5
2569	CORINTO	925	85	6	747	91	6	5
2570	CORINTO	925	85	13	756	98	6	5
2571	PUERTO QUETZAL	927	91	6	755	97	6	5
2572	PUERTO QUETZAL	927	91	13	764	104	6	5
2573	PUERTO QUETZAL	927	91	3	777	94	6	5
2574	PUERTO QUETZAL	927	91	10	786	101	6	5
2575	PUERTO QUETZAL	927	91	0	1035	91	6	7
2576	PUERTO QUETZAL	927	91	7	1038	98	6	7
2577	LAZARO CARDENAS	928	94	6	763	100	6	5
2578	LAZARO CARDENAS	928	94	13	772	107	6	5
2579	LAZARO CARDENAS	928	94	2	778	96	6	5
2580	LAZARO CARDENAS	928	94	9	787	103	6	5
2581	BALBOA	930	103	0	757	103	6	5
2582	BALBOA	930	103	7	766	110	6	5
2583	CORINTO	931	92	6	756	98	6	5
2584	CORINTO	931	92	13	765	105	6	5
2585	PUERTO QUETZAL	933	98	6	764	104	6	5
2586	PUERTO QUETZAL	933	98	13	773	111	6	5
2587	PUERTO QUETZAL	933	98	3	786	101	6	5
2588	PUERTO QUETZAL	933	98	10	795	108	6	5
2589	PUERTO QUETZAL	933	98	0	1038	98	6	7
2590	PUERTO QUETZAL	933	98	7	1041	105	6	7
2591	LAZARO CARDENAS	934	101	6	772	107	6	5
2592	LAZARO CARDENAS	934	101	13	781	114	6	5
2593	LAZARO CARDENAS	934	101	2	787	103	6	5
2594	LAZARO CARDENAS	934	101	9	796	110	6	5
2595	BALBOA	936	110	0	766	110	6	5
2596	BALBOA	936	110	7	775	117	6	5
2597	CORINTO	937	99	6	765	105	6	5
2598	CORINTO	937	99	13	774	112	6	5
2599	PUERTO QUETZAL	939	105	6	773	111	6	5
2600	PUERTO QUETZAL	939	105	13	782	118	6	5
2601	PUERTO QUETZAL	939	105	3	795	108	6	5
2602	PUERTO QUETZAL	939	105	10	804	115	6	5
2603	PUERTO QUETZAL	939	105	0	1041	105	6	7
2604	PUERTO QUETZAL	939	105	7	1044	112	6	7
2605	LAZARO CARDENAS	940	108	6	781	114	6	5
2606	LAZARO CARDENAS	940	108	13	790	121	6	5
2607	LAZARO CARDENAS	940	108	2	796	110	6	5
2608	LAZARO CARDENAS	940	108	9	805	117	6	5
2609	BALBOA	942	117	0	775	117	6	5
2610	BALBOA	942	117	7	784	124	6	5
2611	CORINTO	943	106	6	774	112	6	5
2612	CORINTO	943	106	13	783	119	6	5
2613	PUERTO QUETZAL	945	112	6	782	118	6	5
2614	PUERTO QUETZAL	945	112	13	791	125	6	5
2615	PUERTO QUETZAL	945	112	3	804	115	6	5
2616	PUERTO QUETZAL	945	112	10	813	122	6	5
2617	PUERTO QUETZAL	945	112	0	1044	112	6	7
2618	PUERTO QUETZAL	945	112	7	1047	119	6	7
2619	LAZARO CARDENAS	946	115	6	790	121	6	5
2620	LAZARO CARDENAS	946	115	13	799	128	6	5
2621	LAZARO CARDENAS	946	115	2	805	117	6	5
2622	LAZARO CARDENAS	946	115	9	814	124	6	5
2623	BALBOA	948	124	0	784	124	6	5
2624	BALBOA	948	124	7	793	131	6	5
2625	CORINTO	949	113	6	783	119	6	5
2626	CORINTO	949	113	13	792	126	6	5
2627	PUERTO QUETZAL	951	119	6	791	125	6	5
2628	PUERTO QUETZAL	951	119	13	800	132	6	5
2629	PUERTO QUETZAL	951	119	3	813	122	6	5
2630	PUERTO QUETZAL	951	119	10	822	129	6	5
2631	PUERTO QUETZAL	951	119	0	1047	119	6	7
2632	PUERTO QUETZAL	951	119	7	1050	126	6	7
2633	LAZARO CARDENAS	952	122	6	799	128	6	5
2634	LAZARO CARDENAS	952	122	13	808	135	6	5
2635	LAZARO CARDENAS	952	122	2	814	124	6	5
2636	LAZARO CARDENAS	952	122	9	823	131	6	5
2637	BALBOA	954	131	0	793	131	6	5
2638	BALBOA	954	131	7	802	138	6	5
2639	CORINTO	955	120	6	792	126	6	5
2640	CORINTO	955	120	13	801	133	6	5
2641	PUERTO QUETZAL	957	126	6	800	132	6	5
2642	PUERTO QUETZAL	957	126	13	809	139	6	5
2643	PUERTO QUETZAL	957	126	3	822	129	6	5
2644	PUERTO QUETZAL	957	126	10	831	136	6	5
2645	PUERTO QUETZAL	957	126	0	1050	126	6	7
2646	PUERTO QUETZAL	957	126	7	1053	133	6	7
2647	LAZARO CARDENAS	958	129	6	808	135	6	5
2648	LAZARO CARDENAS	958	129	13	817	142	6	5
2649	LAZARO CARDENAS	958	129	2	823	131	6	5
2650	LAZARO CARDENAS	958	129	9	832	138	6	5
2651	BALBOA	960	138	0	802	138	6	5
2652	BALBOA	960	138	7	811	145	6	5
2653	CORINTO	961	127	6	801	133	6	5
2654	CORINTO	961	127	13	810	140	6	5
2655	PUERTO QUETZAL	963	133	6	809	139	6	5
2656	PUERTO QUETZAL	963	133	13	818	146	6	5
2657	PUERTO QUETZAL	963	133	3	831	136	6	5
2658	PUERTO QUETZAL	963	133	10	840	143	6	5
2659	PUERTO QUETZAL	963	133	0	1053	133	6	7
2660	PUERTO QUETZAL	963	133	7	1056	140	6	7
2661	LAZARO CARDENAS	964	136	6	817	142	6	5
2662	LAZARO CARDENAS	964	136	13	826	149	6	5
2663	LAZARO CARDENAS	964	136	2	832	138	6	5
2664	LAZARO CARDENAS	964	136	9	841	145	6	5
2665	BALBOA	966	145	0	811	145	6	5
2666	BALBOA	966	145	7	820	152	6	5
2667	CORINTO	967	134	6	810	140	6	5
2668	CORINTO	967	134	13	819	147	6	5
2669	PUERTO QUETZAL	969	140	6	818	146	6	5
2670	PUERTO QUETZAL	969	140	13	827	153	6	5
2671	PUERTO QUETZAL	969	140	3	840	143	6	5
2672	PUERTO QUETZAL	969	140	10	849	150	6	5
2673	PUERTO QUETZAL	969	140	0	1056	140	6	7
2674	PUERTO QUETZAL	969	140	7	1059	147	6	7
2675	LAZARO CARDENAS	970	143	6	826	149	6	5
2676	LAZARO CARDENAS	970	143	13	835	156	6	5
2677	LAZARO CARDENAS	970	143	2	841	145	6	5
2678	LAZARO CARDENAS	970	143	9	850	152	6	5
2679	BALBOA	972	152	0	820	152	6	5
2680	BALBOA	972	152	7	829	159	6	5
2681	CORINTO	973	141	6	819	147	6	5
2682	CORINTO	973	141	13	828	154	6	5
2683	PUERTO QUETZAL	975	147	6	827	153	6	5
2684	PUERTO QUETZAL	975	147	13	836	160	6	5
2685	PUERTO QUETZAL	975	147	3	849	150	6	5
2686	PUERTO QUETZAL	975	147	0	1059	147	6	7
2687	PUERTO QUETZAL	975	147	7	1062	154	6	7
2688	LAZARO CARDENAS	976	150	6	835	156	6	5
2689	LAZARO CARDENAS	976	150	13	844	163	6	5
2690	LAZARO CARDENAS	976	150	2	850	152	6	5
2691	BALBOA	978	159	0	829	159	6	5
2692	BALBOA	978	159	7	838	166	6	5
2693	CORINTO	979	148	6	828	154	6	5
2694	CORINTO	979	148	13	837	161	6	5
2695	PUERTO QUETZAL	981	154	6	836	160	6	5
2696	PUERTO QUETZAL	981	154	13	845	167	6	5
2697	PUERTO QUETZAL	981	154	0	1062	154	6	7
2698	PUERTO QUETZAL	981	154	7	1065	161	6	7
2699	LAZARO CARDENAS	982	157	6	844	163	6	5
2700	LAZARO CARDENAS	982	157	13	853	170	6	5
2701	BALBOA	984	166	0	838	166	6	5
2702	BALBOA	984	166	7	847	173	6	5
2703	CORINTO	985	155	6	837	161	6	5
2704	CORINTO	985	155	13	846	168	6	5
2705	PUERTO QUETZAL	987	161	6	845	167	6	5
2706	PUERTO QUETZAL	987	161	13	854	174	6	5
2707	PUERTO QUETZAL	987	161	0	1065	161	6	7
2708	LAZARO CARDENAS	988	164	6	853	170	6	5
2709	BALBOA	990	173	0	847	173	6	5
2710	CORINTO	991	162	6	846	168	6	5
2711	CORINTO	991	162	13	855	175	6	5
2712	PUERTO QUETZAL	993	168	6	854	174	6	5
2713	PUERTO CALDERA	996	5	3	664	8	7	5
2714	PUERTO CALDERA	996	5	10	674	15	7	5
2715	PUERTO QUETZAL	997	7	3	665	10	7	5
2716	PUERTO QUETZAL	997	7	10	675	17	7	5
2717	PUERTO QUETZAL	997	7	7	859	14	7	6
2718	PUERTO CALDERA	999	26	3	694	29	7	5
2719	PUERTO CALDERA	999	26	10	704	36	7	5
2720	PUERTO CALDERA	1000	12	3	674	15	7	5
2721	PUERTO CALDERA	1000	12	10	684	22	7	5
2722	PUERTO QUETZAL	1001	14	3	675	17	7	5
2723	PUERTO QUETZAL	1001	14	10	685	24	7	5
2724	PUERTO QUETZAL	1001	14	0	859	14	7	6
2725	PUERTO QUETZAL	1001	14	7	866	21	7	6
2726	PUERTO CALDERA	1003	33	3	704	36	7	5
2727	PUERTO CALDERA	1003	33	10	713	43	7	5
2728	PUERTO CALDERA	1004	19	3	684	22	7	5
2729	PUERTO CALDERA	1004	19	10	694	29	7	5
2730	PUERTO QUETZAL	1005	21	13	670	34	7	5
2731	PUERTO QUETZAL	1005	21	3	685	24	7	5
2732	PUERTO QUETZAL	1005	21	10	695	31	7	5
2733	PUERTO QUETZAL	1005	21	0	866	21	7	6
2734	PUERTO QUETZAL	1005	21	7	873	28	7	6
2735	PUERTO CALDERA	1007	40	3	713	43	7	5
2736	PUERTO CALDERA	1007	40	10	722	50	7	5
2737	PUERTO QUETZAL	1008	28	6	670	34	7	5
2738	PUERTO QUETZAL	1008	28	13	680	41	7	5
2739	PUERTO QUETZAL	1008	28	3	695	31	7	5
2740	PUERTO QUETZAL	1008	28	10	705	38	7	5
2741	PUERTO QUETZAL	1008	28	0	873	28	7	6
2742	PUERTO QUETZAL	1008	28	7	879	35	7	6
2743	PUERTO CALDERA	1010	47	3	722	50	7	5
2744	PUERTO CALDERA	1010	47	10	731	57	7	5
2745	PUERTO QUETZAL	1011	35	6	680	41	7	5
2746	PUERTO QUETZAL	1011	35	13	690	48	7	5
2747	PUERTO QUETZAL	1011	35	3	705	38	7	5
2748	PUERTO QUETZAL	1011	35	10	714	45	7	5
2749	PUERTO QUETZAL	1011	35	0	879	35	7	6
2750	PUERTO QUETZAL	1011	35	7	885	42	7	6
2751	PUERTO CALDERA	1013	54	3	731	57	7	5
2752	PUERTO CALDERA	1013	54	10	740	64	7	5
2753	PUERTO QUETZAL	1014	42	6	690	48	7	5
2754	PUERTO QUETZAL	1014	42	13	700	55	7	5
2755	PUERTO QUETZAL	1014	42	3	714	45	7	5
2756	PUERTO QUETZAL	1014	42	10	723	52	7	5
2757	PUERTO QUETZAL	1014	42	0	885	42	7	6
2758	PUERTO QUETZAL	1014	42	7	891	49	7	6
2759	PUERTO CALDERA	1016	61	3	740	64	7	5
2760	PUERTO CALDERA	1016	61	10	749	71	7	5
2761	PUERTO QUETZAL	1017	49	6	700	55	7	5
2762	PUERTO QUETZAL	1017	49	13	710	62	7	5
2763	PUERTO QUETZAL	1017	49	3	723	52	7	5
2764	PUERTO QUETZAL	1017	49	10	732	59	7	5
2765	PUERTO QUETZAL	1017	49	0	891	49	7	6
2766	PUERTO QUETZAL	1017	49	7	897	56	7	6
2767	PUERTO CALDERA	1019	68	3	749	71	7	5
2768	PUERTO CALDERA	1019	68	10	758	78	7	5
2769	PUERTO QUETZAL	1020	56	6	710	62	7	5
2770	PUERTO QUETZAL	1020	56	13	719	69	7	5
2771	PUERTO QUETZAL	1020	56	3	732	59	7	5
2772	PUERTO QUETZAL	1020	56	10	741	66	7	5
2773	PUERTO QUETZAL	1020	56	0	897	56	7	6
2774	PUERTO QUETZAL	1020	56	7	903	63	7	6
2775	PUERTO CALDERA	1022	75	3	758	78	7	5
2776	PUERTO CALDERA	1022	75	10	767	85	7	5
2777	PUERTO QUETZAL	1023	63	6	719	69	7	5
2778	PUERTO QUETZAL	1023	63	13	728	76	7	5
2779	PUERTO QUETZAL	1023	63	3	741	66	7	5
2780	PUERTO QUETZAL	1023	63	10	750	73	7	5
2781	PUERTO QUETZAL	1023	63	0	903	63	7	6
2782	PUERTO QUETZAL	1023	63	7	909	70	7	6
2783	PUERTO CALDERA	1025	82	3	767	85	7	5
2784	PUERTO CALDERA	1025	82	10	776	92	7	5
2785	PUERTO QUETZAL	1026	70	6	728	76	7	5
2786	PUERTO QUETZAL	1026	70	13	737	83	7	5
2787	PUERTO QUETZAL	1026	70	3	750	73	7	5
2788	PUERTO QUETZAL	1026	70	10	759	80	7	5
2789	PUERTO QUETZAL	1026	70	0	909	70	7	6
2790	PUERTO QUETZAL	1026	70	7	915	77	7	6
2791	PUERTO CALDERA	1028	89	3	776	92	7	5
2792	PUERTO CALDERA	1028	89	10	785	99	7	5
2793	PUERTO QUETZAL	1029	77	6	737	83	7	5
2794	PUERTO QUETZAL	1029	77	13	746	90	7	5
2795	PUERTO QUETZAL	1029	77	3	759	80	7	5
2796	PUERTO QUETZAL	1029	77	10	768	87	7	5
2797	PUERTO QUETZAL	1029	77	0	915	77	7	6
2798	PUERTO QUETZAL	1029	77	7	921	84	7	6
2799	PUERTO CALDERA	1031	96	3	785	99	7	5
2800	PUERTO CALDERA	1031	96	10	794	106	7	5
2801	PUERTO QUETZAL	1032	84	6	746	90	7	5
2802	PUERTO QUETZAL	1032	84	13	755	97	7	5
2803	PUERTO QUETZAL	1032	84	3	768	87	7	5
2804	PUERTO QUETZAL	1032	84	10	777	94	7	5
2805	PUERTO QUETZAL	1032	84	0	921	84	7	6
2806	PUERTO QUETZAL	1032	84	7	927	91	7	6
2807	PUERTO CALDERA	1034	103	3	794	106	7	5
2808	PUERTO CALDERA	1034	103	10	803	113	7	5
2809	PUERTO QUETZAL	1035	91	6	755	97	7	5
2810	PUERTO QUETZAL	1035	91	13	764	104	7	5
2811	PUERTO QUETZAL	1035	91	3	777	94	7	5
2812	PUERTO QUETZAL	1035	91	10	786	101	7	5
2813	PUERTO QUETZAL	1035	91	0	927	91	7	6
2814	PUERTO QUETZAL	1035	91	7	933	98	7	6
2815	PUERTO CALDERA	1037	110	3	803	113	7	5
2816	PUERTO CALDERA	1037	110	10	812	120	7	5
2817	PUERTO QUETZAL	1038	98	6	764	104	7	5
2818	PUERTO QUETZAL	1038	98	13	773	111	7	5
2819	PUERTO QUETZAL	1038	98	3	786	101	7	5
2820	PUERTO QUETZAL	1038	98	10	795	108	7	5
2821	PUERTO QUETZAL	1038	98	0	933	98	7	6
2822	PUERTO QUETZAL	1038	98	7	939	105	7	6
2823	PUERTO CALDERA	1040	117	3	812	120	7	5
2824	PUERTO CALDERA	1040	117	10	821	127	7	5
2825	PUERTO QUETZAL	1041	105	6	773	111	7	5
2826	PUERTO QUETZAL	1041	105	13	782	118	7	5
2827	PUERTO QUETZAL	1041	105	3	795	108	7	5
2828	PUERTO QUETZAL	1041	105	10	804	115	7	5
2829	PUERTO QUETZAL	1041	105	0	939	105	7	6
2830	PUERTO QUETZAL	1041	105	7	945	112	7	6
2831	PUERTO CALDERA	1043	124	3	821	127	7	5
2832	PUERTO CALDERA	1043	124	10	830	134	7	5
2833	PUERTO QUETZAL	1044	112	6	782	118	7	5
2834	PUERTO QUETZAL	1044	112	13	791	125	7	5
2835	PUERTO QUETZAL	1044	112	3	804	115	7	5
2836	PUERTO QUETZAL	1044	112	10	813	122	7	5
2837	PUERTO QUETZAL	1044	112	0	945	112	7	6
2838	PUERTO QUETZAL	1044	112	7	951	119	7	6
2839	PUERTO CALDERA	1046	131	3	830	134	7	5
2840	PUERTO CALDERA	1046	131	10	839	141	7	5
2841	PUERTO QUETZAL	1047	119	6	791	125	7	5
2842	PUERTO QUETZAL	1047	119	13	800	132	7	5
2843	PUERTO QUETZAL	1047	119	3	813	122	7	5
2844	PUERTO QUETZAL	1047	119	10	822	129	7	5
2845	PUERTO QUETZAL	1047	119	0	951	119	7	6
2846	PUERTO QUETZAL	1047	119	7	957	126	7	6
2847	PUERTO CALDERA	1049	138	3	839	141	7	5
2848	PUERTO CALDERA	1049	138	10	848	148	7	5
2849	PUERTO QUETZAL	1050	126	6	800	132	7	5
2850	PUERTO QUETZAL	1050	126	13	809	139	7	5
2851	PUERTO QUETZAL	1050	126	3	822	129	7	5
2852	PUERTO QUETZAL	1050	126	10	831	136	7	5
2853	PUERTO QUETZAL	1050	126	0	957	126	7	6
2854	PUERTO QUETZAL	1050	126	7	963	133	7	6
2855	PUERTO CALDERA	1052	145	3	848	148	7	5
2856	PUERTO QUETZAL	1053	133	6	809	139	7	5
2857	PUERTO QUETZAL	1053	133	13	818	146	7	5
2858	PUERTO QUETZAL	1053	133	3	831	136	7	5
2859	PUERTO QUETZAL	1053	133	10	840	143	7	5
2860	PUERTO QUETZAL	1053	133	0	963	133	7	6
2861	PUERTO QUETZAL	1053	133	7	969	140	7	6
2862	PUERTO QUETZAL	1056	140	6	818	146	7	5
2863	PUERTO QUETZAL	1056	140	13	827	153	7	5
2864	PUERTO QUETZAL	1056	140	3	840	143	7	5
2865	PUERTO QUETZAL	1056	140	10	849	150	7	5
2866	PUERTO QUETZAL	1056	140	0	969	140	7	6
2867	PUERTO QUETZAL	1056	140	7	975	147	7	6
2868	PUERTO QUETZAL	1059	147	6	827	153	7	5
2869	PUERTO QUETZAL	1059	147	13	836	160	7	5
2870	PUERTO QUETZAL	1059	147	3	849	150	7	5
2871	PUERTO QUETZAL	1059	147	0	975	147	7	6
2872	PUERTO QUETZAL	1059	147	7	981	154	7	6
2873	PUERTO QUETZAL	1062	154	6	836	160	7	5
2874	PUERTO QUETZAL	1062	154	13	845	167	7	5
2875	PUERTO QUETZAL	1062	154	0	981	154	7	6
2876	PUERTO QUETZAL	1062	154	7	987	161	7	6
2877	PUERTO QUETZAL	1065	161	6	845	167	7	5
2878	PUERTO QUETZAL	1065	161	13	854	174	7	5
2879	PUERTO QUETZAL	1065	161	0	987	161	7	6
2880	PUERTO QUETZAL	1065	161	7	993	168	7	6
2881	LOS ANGELES,CA	1072	39	1	697	40	8	5
2882	LOS ANGELES,CA	1072	39	8	707	47	8	5
2883	LOS ANGELES,CA	1080	46	1	707	47	8	5
2884	LOS ANGELES,CA	1080	46	8	716	54	8	5
2885	LOS ANGELES,CA	1088	53	1	716	54	8	5
2886	LOS ANGELES,CA	1088	53	8	725	61	8	5
2887	LOS ANGELES,CA	1096	60	1	725	61	8	5
2888	LOS ANGELES,CA	1096	60	8	734	68	8	5
2889	LOS ANGELES,CA	1104	67	1	734	68	8	5
2890	LOS ANGELES,CA	1104	67	8	743	75	8	5
2891	LOS ANGELES,CA	1112	74	1	743	75	8	5
2892	LOS ANGELES,CA	1112	74	8	752	82	8	5
2893	LOS ANGELES,CA	1120	81	1	752	82	8	5
2894	LOS ANGELES,CA	1120	81	8	761	89	8	5
2895	LOS ANGELES,CA	1128	88	1	761	89	8	5
2896	LOS ANGELES,CA	1128	88	8	770	96	8	5
2897	LOS ANGELES,CA	1136	95	1	770	96	8	5
2898	LOS ANGELES,CA	1136	95	8	779	103	8	5
2899	LOS ANGELES,CA	1144	102	1	779	103	8	5
2900	LOS ANGELES,CA	1144	102	8	788	110	8	5
2901	LOS ANGELES,CA	1152	109	1	788	110	8	5
2902	LOS ANGELES,CA	1152	109	8	797	117	8	5
2903	LOS ANGELES,CA	1159	116	1	797	117	8	5
2904	LOS ANGELES,CA	1159	116	8	806	124	8	5
2905	LOS ANGELES,CA	1166	123	1	806	124	8	5
2906	LOS ANGELES,CA	1166	123	8	815	131	8	5
2907	LOS ANGELES,CA	1173	130	1	815	131	8	5
2908	LOS ANGELES,CA	1173	130	8	824	138	8	5
2909	LOS ANGELES,CA	1180	137	1	824	138	8	5
2910	LOS ANGELES,CA	1180	137	8	833	145	8	5
