VesselPathID	VesselRouteID	NumOfArcs	ArcIDs	originTime	destinationTime
1	1	6	1,2,3,4,5,6	5	26
2	1	6	8,9,10,11,12,13	12	33
3	1	6	15,16,17,18,19,20	19	40
4	1	6	7,22,23,24,25,26	26	47
5	1	6	14,28,29,30,31,32	33	54
6	1	6	21,34,35,36,37,38	40	61
7	1	6	27,40,41,42,43,44	47	68
8	1	6	33,46,47,48,49,50	54	75
9	1	6	39,52,53,54,55,56	61	82
10	1	6	45,58,59,60,61,62	68	89
11	1	6	51,64,65,66,67,68	75	96
12	1	6	57,70,71,72,73,74	82	103
13	1	6	63,76,77,78,79,80	89	110
14	1	6	69,82,83,84,85,86	96	117
15	1	6	75,88,89,90,91,92	103	124
16	1	6	81,94,95,96,97,98	110	131
17	1	6	87,100,101,102,103,104	117	138
18	1	6	93,106,107,108,109,110	124	145
19	1	6	99,112,113,114,115,116	131	152
20	1	6	105,118,119,120,121,122	138	159
21	1	6	111,124,125,126,127,128	145	166
22	1	6	117,129,130,131,132,133	152	173
23	1	5	123,134,135,136,137	159	174
24	2	7	138,139,140,141,142,143,144	5	26
25	2	7	146,147,148,149,150,151,152	12	33
26	2	7	154,155,156,157,158,159,160	19	40
27	2	7	145,162,163,164,165,166,167	26	47
28	2	7	153,169,170,171,172,173,174	33	54
29	2	7	161,176,177,178,179,180,181	40	61
30	2	7	168,183,184,185,186,187,188	47	68
31	2	7	175,190,191,192,193,194,195	54	75
32	2	7	182,197,198,199,200,201,202	61	82
33	2	7	189,204,205,206,207,208,209	68	89
34	2	7	196,211,212,213,214,215,216	75	96
35	2	7	203,218,219,220,221,222,223	82	103
36	2	7	210,225,226,227,228,229,230	89	110
37	2	7	217,232,233,234,235,236,237	96	117
38	2	7	224,239,240,241,242,243,244	103	124
39	2	7	231,246,247,248,249,250,251	110	131
40	2	7	238,253,254,255,256,257,258	117	138
41	2	7	245,260,261,262,263,264,265	124	145
42	2	7	252,267,268,269,270,271,272	131	152
43	2	7	259,274,275,276,277,278,279	138	159
44	2	7	266,281,282,283,284,285,286	145	166
45	2	7	273,287,288,289,290,291,292	152	173
46	2	6	280,293,294,295,296,297	159	178
47	3	7	298,299,300,301,302,303,304	5	26
48	3	7	306,307,308,309,310,311,312	12	33
49	3	7	314,315,316,317,318,319,320	19	40
50	3	7	305,322,323,324,325,326,327	26	47
51	3	7	313,329,330,331,332,333,334	33	54
52	3	7	321,336,337,338,339,340,341	40	61
53	3	7	328,343,344,345,346,347,348	47	68
54	3	7	335,350,351,352,353,354,355	54	75
55	3	7	342,357,358,359,360,361,362	61	82
56	3	7	349,364,365,366,367,368,369	68	89
57	3	7	356,371,372,373,374,375,376	75	96
58	3	7	363,378,379,380,381,382,383	82	103
59	3	7	370,385,386,387,388,389,390	89	110
60	3	7	377,392,393,394,395,396,397	96	117
61	3	7	384,399,400,401,402,403,404	103	124
62	3	7	391,406,407,408,409,410,411	110	131
63	3	7	398,413,414,415,416,417,418	117	138
64	3	7	405,420,421,422,423,424,425	124	145
65	3	7	412,427,428,429,430,431,432	131	152
66	3	7	419,434,435,436,437,438,439	138	159
67	3	7	426,441,442,443,444,445,446	145	166
68	3	7	433,447,448,449,450,451,452	152	173
69	3	6	440,453,454,455,456,457	159	177
70	4	10	458,459,460,461,462,463,464,465,466,467	5	54
71	4	10	469,470,471,472,473,474,475,476,477,478	12	61
72	4	10	480,481,482,483,484,485,486,487,488,489	19	68
73	4	10	491,492,493,494,495,496,497,498,499,500	26	75
74	4	10	502,503,504,505,506,507,508,509,510,511	33	82
75	4	10	513,514,515,516,517,518,519,520,521,522	40	89
76	4	10	524,525,526,527,528,529,530,531,532,533	47	96
77	4	10	468,535,536,537,538,539,540,541,542,543	54	103
78	4	10	479,545,546,547,548,549,550,551,552,553	61	110
79	4	10	490,555,556,557,558,559,560,561,562,563	68	117
80	4	10	501,565,566,567,568,569,570,571,572,573	75	124
81	4	10	512,575,576,577,578,579,580,581,582,583	82	131
82	4	10	523,585,586,587,588,589,590,591,592,593	89	138
83	4	10	534,594,595,596,597,598,599,600,601,602	96	145
84	4	10	544,603,604,605,606,607,608,609,610,611	103	152
85	4	10	554,612,613,614,615,616,617,618,619,620	110	159
86	4	10	564,621,622,623,624,625,626,627,628,629	117	166
87	4	10	574,630,631,632,633,634,635,636,637,638	124	173
88	4	9	584,639,640,641,642,643,644,645,646	131	170
89	5	9	647,648,649,650,651,652,653,654,655	5	40
90	5	9	657,658,659,660,661,662,663,664,665	12	47
91	5	9	667,668,669,670,671,672,673,674,675	19	54
92	5	9	677,678,679,680,681,682,683,684,685	26	61
93	5	9	687,688,689,690,691,692,693,694,695	33	68
94	5	9	656,697,698,699,700,701,702,703,704	40	75
95	5	9	666,706,707,708,709,710,711,712,713	47	82
96	5	9	676,715,716,717,718,719,720,721,722	54	89
97	5	9	686,724,725,726,727,728,729,730,731	61	96
98	5	9	696,733,734,735,736,737,738,739,740	68	103
99	5	9	705,742,743,744,745,746,747,748,749	75	110
100	5	9	714,751,752,753,754,755,756,757,758	82	117
101	5	9	723,760,761,762,763,764,765,766,767	89	124
102	5	9	732,769,770,771,772,773,774,775,776	96	131
103	5	9	741,778,779,780,781,782,783,784,785	103	138
104	5	9	750,787,788,789,790,791,792,793,794	110	145
105	5	9	759,796,797,798,799,800,801,802,803	117	152
106	5	9	768,804,805,806,807,808,809,810,811	124	159
107	5	9	777,812,813,814,815,816,817,818,819	131	166
108	5	9	786,820,821,822,823,824,825,826,827	138	173
109	5	8	795,828,829,830,831,832,833,834	145	175
110	6	6	835,836,837,838,839,840	5	26
111	6	6	842,843,844,845,846,847	12	33
112	6	6	849,850,851,852,853,854	19	40
113	6	6	841,856,857,858,859,860	26	47
114	6	6	848,862,863,864,865,866	33	54
115	6	6	855,868,869,870,871,872	40	61
116	6	6	861,874,875,876,877,878	47	68
117	6	6	867,880,881,882,883,884	54	75
118	6	6	873,886,887,888,889,890	61	82
119	6	6	879,892,893,894,895,896	68	89
120	6	6	885,898,899,900,901,902	75	96
121	6	6	891,904,905,906,907,908	82	103
122	6	6	897,910,911,912,913,914	89	110
123	6	6	903,916,917,918,919,920	96	117
124	6	6	909,922,923,924,925,926	103	124
125	6	6	915,928,929,930,931,932	110	131
126	6	6	921,934,935,936,937,938	117	138
127	6	6	927,940,941,942,943,944	124	145
128	6	6	933,946,947,948,949,950	131	152
129	6	6	939,952,953,954,955,956	138	159
130	6	6	945,958,959,960,961,962	145	166
131	6	6	951,963,964,965,966,967	152	173
132	6	5	957,968,969,970,971	159	175
133	7	3	972,973,974	5	26
134	7	3	976,977,978	12	33
135	7	3	980,981,982	19	40
136	7	3	975,984,985	26	47
137	7	3	979,987,988	33	54
138	7	3	983,990,991	40	61
139	7	3	986,993,994	47	68
140	7	3	989,996,997	54	75
141	7	3	992,999,1000	61	82
142	7	3	995,1002,1003	68	89
143	7	3	998,1005,1006	75	96
144	7	3	1001,1008,1009	82	103
145	7	3	1004,1011,1012	89	110
146	7	3	1007,1014,1015	96	117
147	7	3	1010,1017,1018	103	124
148	7	3	1013,1020,1021	110	131
149	7	3	1016,1023,1024	117	138
150	7	3	1019,1026,1027	124	145
151	7	3	1022,1029,1030	131	152
152	7	3	1025,1032,1033	138	159
153	7	3	1028,1035,1036	145	166
154	7	3	1031,1037,1038	152	173
155	7	2	1034,1039	159	166
156	8	7	1040,1041,1042,1043,1044,1045,1046	5	82
157	8	7	1048,1049,1050,1051,1052,1053,1054	12	89
158	8	7	1056,1057,1058,1059,1060,1061,1062	19	96
159	8	7	1064,1065,1066,1067,1068,1069,1070	26	103
160	8	7	1072,1073,1074,1075,1076,1077,1078	33	110
161	8	7	1079,1080,1081,1082,1083,1084,1085	40	117
162	8	7	1086,1087,1088,1089,1090,1091,1092	47	124
163	8	7	1093,1094,1095,1096,1097,1098,1099	54	131
164	8	7	1100,1101,1102,1103,1104,1105,1106	61	138
165	8	7	1107,1108,1109,1110,1111,1112,1113	68	145
166	8	7	1114,1115,1116,1117,1118,1119,1120	75	152
167	8	7	1047,1121,1122,1123,1124,1125,1126	82	159
168	8	7	1055,1127,1128,1129,1130,1131,1132	89	166
169	8	7	1063,1133,1134,1135,1136,1137,1138	96	173
170	8	6	1071,1139,1140,1141,1142,1143	103	149
