VesselPathID	VesselRouteID	NumOfArcs	ArcIDs	originTime	destinationTime
1	1	7	1,2,3,4,5,6,7	3	38
2	1	7	9,10,11,12,13,14,15	10	45
3	1	7	17,18,19,20,21,22,23	17	52
4	1	7	25,26,27,28,29,30,31	24	59
5	1	7	33,34,35,36,37,38,39	31	66
6	1	7	8,41,42,43,44,45,46	38	73
7	1	7	16,48,49,50,51,52,53	45	80
8	1	7	24,55,56,57,58,59,60	52	87
9	1	7	32,62,63,64,65,66,67	59	94
10	1	7	40,69,70,71,72,73,74	66	101
11	1	7	47,76,77,78,79,80,81	73	108
12	1	7	54,83,84,85,86,87,88	80	115
13	1	7	61,90,91,92,93,94,95	87	122
14	1	7	68,97,98,99,100,101,102	94	129
15	1	7	75,104,105,106,107,108,109	101	136
16	1	7	82,111,112,113,114,115,116	108	143
17	1	7	89,118,119,120,121,122,123	115	150
18	1	7	96,124,125,126,127,128,129	122	157
19	1	7	103,130,131,132,133,134,135	129	164
20	1	7	110,136,137,138,139,140,141	136	171
21	1	7	117,142,143,144,145,146,147	143	178
22	2	4	148,149,150,151	3	17
23	2	4	153,154,155,156	10	24
24	2	4	152,158,159,160	17	31
25	2	4	157,162,163,164	24	38
26	2	4	161,166,167,168	31	45
27	2	4	165,170,171,172	38	52
28	2	4	169,174,175,176	45	59
29	2	4	173,178,179,180	52	66
30	2	4	177,182,183,184	59	73
31	2	4	181,186,187,188	66	80
32	2	4	185,190,191,192	73	87
33	2	4	189,194,195,196	80	94
34	2	4	193,198,199,200	87	101
35	2	4	197,202,203,204	94	108
36	2	4	201,206,207,208	101	115
37	2	4	205,210,211,212	108	122
38	2	4	209,214,215,216	115	129
39	2	4	213,218,219,220	122	136
40	2	4	217,222,223,224	129	143
41	2	4	221,226,227,228	136	150
42	2	4	225,230,231,232	143	157
43	2	4	229,234,235,236	150	164
44	2	4	233,238,239,240	157	171
45	2	4	237,241,242,243	164	178
46	3	3	244,245,246	3	10
47	3	3	247,248,249	10	17
48	3	3	250,251,252	17	24
49	3	3	253,254,255	24	31
50	3	3	256,257,258	31	38
51	3	3	259,260,261	38	45
52	3	3	262,263,264	45	52
53	3	3	265,266,267	52	59
54	3	3	268,269,270	59	66
55	3	3	271,272,273	66	73
56	3	3	274,275,276	73	80
57	3	3	277,278,279	80	87
58	3	3	280,281,282	87	94
59	3	3	283,284,285	94	101
60	3	3	286,287,288	101	108
61	3	3	289,290,291	108	115
62	3	3	292,293,294	115	122
63	3	3	295,296,297	122	129
64	3	3	298,299,300	129	136
65	3	3	301,302,303	136	143
66	3	3	304,305,306	143	150
67	3	3	307,308,309	150	157
68	3	3	310,311,312	157	164
69	3	3	313,314,315	164	171
70	3	3	316,317,318	171	178
71	4	4	319,320,321,322	3	24
72	4	4	324,325,326,327	10	31
73	4	4	329,330,331,332	17	38
74	4	4	323,334,335,336	24	45
75	4	4	328,338,339,340	31	52
76	4	4	333,342,343,344	38	59
77	4	4	337,346,347,348	45	66
78	4	4	341,350,351,352	52	73
79	4	4	345,354,355,356	59	80
80	4	4	349,358,359,360	66	87
81	4	4	353,362,363,364	73	94
82	4	4	357,366,367,368	80	101
83	4	4	361,370,371,372	87	108
84	4	4	365,374,375,376	94	115
85	4	4	369,378,379,380	101	122
86	4	4	373,382,383,384	108	129
87	4	4	377,386,387,388	115	136
88	4	4	381,390,391,392	122	143
89	4	4	385,394,395,396	129	150
90	4	4	389,398,399,400	136	157
91	4	4	393,402,403,404	143	164
92	4	4	397,405,406,407	150	171
93	4	4	401,408,409,410	157	178
94	5	5	411,412,413,414,415	3	24
95	5	5	417,418,419,420,421	10	31
96	5	5	423,424,425,426,427	17	38
97	5	5	416,429,430,431,432	24	45
98	5	5	422,434,435,436,437	31	52
99	5	5	428,439,440,441,442	38	59
100	5	5	433,444,445,446,447	45	66
101	5	5	438,449,450,451,452	52	73
102	5	5	443,454,455,456,457	59	80
103	5	5	448,459,460,461,462	66	87
104	5	5	453,464,465,466,467	73	94
105	5	5	458,469,470,471,472	80	101
106	5	5	463,474,475,476,477	87	108
107	5	5	468,479,480,481,482	94	115
108	5	5	473,484,485,486,487	101	122
109	5	5	478,489,490,491,492	108	129
110	5	5	483,494,495,496,497	115	136
111	5	5	488,499,500,501,502	122	143
112	5	5	493,504,505,506,507	129	150
113	5	5	498,509,510,511,512	136	157
114	5	5	503,514,515,516,517	143	164
115	5	5	508,518,519,520,521	150	171
116	5	5	513,522,523,524,525	157	178
117	6	2	526,527	3	10
118	6	2	528,529	10	17
119	6	2	530,531	17	24
120	6	2	532,533	24	31
121	6	2	534,535	31	38
122	6	2	536,537	38	45
123	6	2	538,539	45	52
124	6	2	540,541	52	59
125	6	2	542,543	59	66
126	6	2	544,545	66	73
127	6	2	546,547	73	80
128	6	2	548,549	80	87
129	6	2	550,551	87	94
130	6	2	552,553	94	101
131	6	2	554,555	101	108
132	6	2	556,557	108	115
133	6	2	558,559	115	122
134	6	2	560,561	122	129
135	6	2	562,563	129	136
136	6	2	564,565	136	143
137	6	2	566,567	143	150
138	6	2	568,569	150	157
139	6	2	570,571	157	164
140	6	2	572,573	164	171
141	6	2	574,575	171	178
142	7	4	576,577,578,579	3	17
143	7	4	581,582,583,584	10	24
144	7	4	580,586,587,588	17	31
145	7	4	585,590,591,592	24	38
146	7	4	589,594,595,596	31	45
147	7	4	593,598,599,600	38	52
148	7	4	597,602,603,604	45	59
149	7	4	601,606,607,608	52	66
150	7	4	605,610,611,612	59	73
151	7	4	609,614,615,616	66	80
152	7	4	613,618,619,620	73	87
153	7	4	617,622,623,624	80	94
154	7	4	621,626,627,628	87	101
155	7	4	625,630,631,632	94	108
156	7	4	629,634,635,636	101	115
157	7	4	633,638,639,640	108	122
158	7	4	637,642,643,644	115	129
159	7	4	641,646,647,648	122	136
160	7	4	645,650,651,652	129	143
161	7	4	649,654,655,656	136	150
162	7	4	653,658,659,660	143	157
163	7	4	657,662,663,664	150	164
164	7	4	661,666,667,668	157	171
165	7	4	665,669,670,671	164	178
166	8	2	672,673	3	10
167	8	2	674,675	10	17
168	8	2	676,677	17	24
169	8	2	678,679	24	31
170	8	2	680,681	31	38
171	8	2	682,683	38	45
172	8	2	684,685	45	52
173	8	2	686,687	52	59
174	8	2	688,689	59	66
175	8	2	690,691	66	73
176	8	2	692,693	73	80
177	8	2	694,695	80	87
178	8	2	696,697	87	94
179	8	2	698,699	94	101
180	8	2	700,701	101	108
181	8	2	702,703	108	115
182	8	2	704,705	115	122
183	8	2	706,707	122	129
184	8	2	708,709	129	136
185	8	2	710,711	136	143
186	8	2	712,713	143	150
187	8	2	714,715	150	157
188	8	2	716,717	157	164
189	8	2	718,719	164	171
190	8	2	720,721	171	178
191	9	5	722,723,724,725,726	3	31
192	9	5	728,729,730,731,732	10	38
193	9	5	734,735,736,737,738	17	45
194	9	5	740,741,742,743,744	24	52
195	9	5	727,746,747,748,749	31	59
196	9	5	733,751,752,753,754	38	66
197	9	5	739,756,757,758,759	45	73
198	9	5	745,761,762,763,764	52	80
199	9	5	750,766,767,768,769	59	87
200	9	5	755,771,772,773,774	66	94
201	9	5	760,776,777,778,779	73	101
202	9	5	765,781,782,783,784	80	108
203	9	5	770,786,787,788,789	87	115
204	9	5	775,791,792,793,794	94	122
205	9	5	780,796,797,798,799	101	129
206	9	5	785,801,802,803,804	108	136
207	9	5	790,806,807,808,809	115	143
208	9	5	795,811,812,813,814	122	150
209	9	5	800,816,817,818,819	129	157
210	9	5	805,820,821,822,823	136	164
211	9	5	810,824,825,826,827	143	171
212	9	5	815,828,829,830,831	150	178
213	10	4	832,833,834,835	3	17
214	10	4	837,838,839,840	10	24
215	10	4	836,842,843,844	17	31
216	10	4	841,846,847,848	24	38
217	10	4	845,850,851,852	31	45
218	10	4	849,854,855,856	38	52
219	10	4	853,858,859,860	45	59
220	10	4	857,862,863,864	52	66
221	10	4	861,866,867,868	59	73
222	10	4	865,870,871,872	66	80
223	10	4	869,874,875,876	73	87
224	10	4	873,878,879,880	80	94
225	10	4	877,882,883,884	87	101
226	10	4	881,886,887,888	94	108
227	10	4	885,890,891,892	101	115
228	10	4	889,894,895,896	108	122
229	10	4	893,898,899,900	115	129
230	10	4	897,902,903,904	122	136
231	10	4	901,906,907,908	129	143
232	10	4	905,910,911,912	136	150
233	10	4	909,914,915,916	143	157
234	10	4	913,918,919,920	150	164
235	10	4	917,922,923,924	157	171
236	10	4	921,925,926,927	164	178
237	11	4	928,929,930,931	3	17
238	11	4	933,934,935,936	10	24
239	11	4	932,938,939,940	17	31
240	11	4	937,942,943,944	24	38
241	11	4	941,946,947,948	31	45
242	11	4	945,950,951,952	38	52
243	11	4	949,954,955,956	45	59
244	11	4	953,958,959,960	52	66
245	11	4	957,962,963,964	59	73
246	11	4	961,966,967,968	66	80
247	11	4	965,970,971,972	73	87
248	11	4	969,974,975,976	80	94
249	11	4	973,978,979,980	87	101
250	11	4	977,982,983,984	94	108
251	11	4	981,986,987,988	101	115
252	11	4	985,990,991,992	108	122
253	11	4	989,994,995,996	115	129
254	11	4	993,998,999,1000	122	136
255	11	4	997,1002,1003,1004	129	143
256	11	4	1001,1006,1007,1008	136	150
257	11	4	1005,1010,1011,1012	143	157
258	11	4	1009,1014,1015,1016	150	164
259	11	4	1013,1018,1019,1020	157	171
260	11	4	1017,1021,1022,1023	164	178
261	12	5	1024,1025,1026,1027,1028	3	17
262	12	5	1030,1031,1032,1033,1034	10	24
263	12	5	1029,1036,1037,1038,1039	17	31
264	12	5	1035,1041,1042,1043,1044	24	38
265	12	5	1040,1046,1047,1048,1049	31	45
266	12	5	1045,1051,1052,1053,1054	38	52
267	12	5	1050,1056,1057,1058,1059	45	59
268	12	5	1055,1061,1062,1063,1064	52	66
269	12	5	1060,1066,1067,1068,1069	59	73
270	12	5	1065,1071,1072,1073,1074	66	80
271	12	5	1070,1076,1077,1078,1079	73	87
272	12	5	1075,1081,1082,1083,1084	80	94
273	12	5	1080,1086,1087,1088,1089	87	101
274	12	5	1085,1091,1092,1093,1094	94	108
275	12	5	1090,1096,1097,1098,1099	101	115
276	12	5	1095,1101,1102,1103,1104	108	122
277	12	5	1100,1106,1107,1108,1109	115	129
278	12	5	1105,1111,1112,1113,1114	122	136
279	12	5	1110,1116,1117,1118,1119	129	143
280	12	5	1115,1121,1122,1123,1124	136	150
281	12	5	1120,1126,1127,1128,1129	143	157
282	12	5	1125,1131,1132,1133,1134	150	164
283	12	5	1130,1136,1137,1138,1139	157	171
284	12	5	1135,1140,1141,1142,1143	164	178
285	13	8	1144,1145,1146,1147,1148,1149,1150,1151	3	24
286	13	8	1153,1154,1155,1156,1157,1158,1159,1160	10	31
287	13	8	1162,1163,1164,1165,1166,1167,1168,1169	17	38
288	13	8	1152,1171,1172,1173,1174,1175,1176,1177	24	45
289	13	8	1161,1179,1180,1181,1182,1183,1184,1185	31	52
290	13	8	1170,1187,1188,1189,1190,1191,1192,1193	38	59
291	13	8	1178,1195,1196,1197,1198,1199,1200,1201	45	66
292	13	8	1186,1203,1204,1205,1206,1207,1208,1209	52	73
293	13	8	1194,1211,1212,1213,1214,1215,1216,1217	59	80
294	13	8	1202,1219,1220,1221,1222,1223,1224,1225	66	87
295	13	8	1210,1227,1228,1229,1230,1231,1232,1233	73	94
296	13	8	1218,1235,1236,1237,1238,1239,1240,1241	80	101
297	13	8	1226,1243,1244,1245,1246,1247,1248,1249	87	108
298	13	8	1234,1251,1252,1253,1254,1255,1256,1257	94	115
299	13	8	1242,1259,1260,1261,1262,1263,1264,1265	101	122
300	13	8	1250,1267,1268,1269,1270,1271,1272,1273	108	129
301	13	8	1258,1275,1276,1277,1278,1279,1280,1281	115	136
302	13	8	1266,1283,1284,1285,1286,1287,1288,1289	122	143
303	13	8	1274,1291,1292,1293,1294,1295,1296,1297	129	150
304	13	8	1282,1299,1300,1301,1302,1303,1304,1305	136	157
305	13	8	1290,1307,1308,1309,1310,1311,1312,1313	143	164
306	13	8	1298,1314,1315,1316,1317,1318,1319,1320	150	171
307	13	8	1306,1321,1322,1323,1324,1325,1326,1327	157	178
308	14	4	1328,1329,1330,1331	3	17
309	14	4	1333,1334,1335,1336	10	24
310	14	4	1332,1338,1339,1340	17	31
311	14	4	1337,1342,1343,1344	24	38
312	14	4	1341,1346,1347,1348	31	45
313	14	4	1345,1350,1351,1352	38	52
314	14	4	1349,1354,1355,1356	45	59
315	14	4	1353,1358,1359,1360	52	66
316	14	4	1357,1362,1363,1364	59	73
317	14	4	1361,1366,1367,1368	66	80
318	14	4	1365,1370,1371,1372	73	87
319	14	4	1369,1374,1375,1376	80	94
320	14	4	1373,1378,1379,1380	87	101
321	14	4	1377,1382,1383,1384	94	108
322	14	4	1381,1386,1387,1388	101	115
323	14	4	1385,1390,1391,1392	108	122
324	14	4	1389,1394,1395,1396	115	129
325	14	4	1393,1398,1399,1400	122	136
326	14	4	1397,1402,1403,1404	129	143
327	14	4	1401,1406,1407,1408	136	150
328	14	4	1405,1410,1411,1412	143	157
329	14	4	1409,1414,1415,1416	150	164
330	14	4	1413,1418,1419,1420	157	171
331	14	4	1417,1421,1422,1423	164	178
332	15	6	1424,1425,1426,1427,1428,1429	3	17
333	15	6	1431,1432,1433,1434,1435,1436	10	24
334	15	6	1430,1438,1439,1440,1441,1442	17	31
335	15	6	1437,1444,1445,1446,1447,1448	24	38
336	15	6	1443,1450,1451,1452,1453,1454	31	45
337	15	6	1449,1456,1457,1458,1459,1460	38	52
338	15	6	1455,1462,1463,1464,1465,1466	45	59
339	15	6	1461,1468,1469,1470,1471,1472	52	66
340	15	6	1467,1474,1475,1476,1477,1478	59	73
341	15	6	1473,1480,1481,1482,1483,1484	66	80
342	15	6	1479,1486,1487,1488,1489,1490	73	87
343	15	6	1485,1492,1493,1494,1495,1496	80	94
344	15	6	1491,1498,1499,1500,1501,1502	87	101
345	15	6	1497,1504,1505,1506,1507,1508	94	108
346	15	6	1503,1510,1511,1512,1513,1514	101	115
347	15	6	1509,1516,1517,1518,1519,1520	108	122
348	15	6	1515,1522,1523,1524,1525,1526	115	129
349	15	6	1521,1528,1529,1530,1531,1532	122	136
350	15	6	1527,1534,1535,1536,1537,1538	129	143
351	15	6	1533,1540,1541,1542,1543,1544	136	150
352	15	6	1539,1546,1547,1548,1549,1550	143	157
353	15	6	1545,1552,1553,1554,1555,1556	150	164
354	15	6	1551,1558,1559,1560,1561,1562	157	171
355	15	6	1557,1563,1564,1565,1566,1567	164	178
356	16	5	1568,1569,1570,1571,1572	3	24
357	16	5	1574,1575,1576,1577,1578	10	31
358	16	5	1580,1581,1582,1583,1584	17	38
359	16	5	1573,1586,1587,1588,1589	24	45
360	16	5	1579,1591,1592,1593,1594	31	52
361	16	5	1585,1596,1597,1598,1599	38	59
362	16	5	1590,1601,1602,1603,1604	45	66
363	16	5	1595,1606,1607,1608,1609	52	73
364	16	5	1600,1611,1612,1613,1614	59	80
365	16	5	1605,1616,1617,1618,1619	66	87
366	16	5	1610,1621,1622,1623,1624	73	94
367	16	5	1615,1626,1627,1628,1629	80	101
368	16	5	1620,1631,1632,1633,1634	87	108
369	16	5	1625,1636,1637,1638,1639	94	115
370	16	5	1630,1641,1642,1643,1644	101	122
371	16	5	1635,1646,1647,1648,1649	108	129
372	16	5	1640,1651,1652,1653,1654	115	136
373	16	5	1645,1656,1657,1658,1659	122	143
374	16	5	1650,1661,1662,1663,1664	129	150
375	16	5	1655,1666,1667,1668,1669	136	157
376	16	5	1660,1671,1672,1673,1674	143	164
377	16	5	1665,1675,1676,1677,1678	150	171
378	16	5	1670,1679,1680,1681,1682	157	178
