VesselPathID	VesselRouteID	NumOfArcs	ArcIDs	originTime	destinationTime
1	1	2	1,2	7	14
2	1	2	3,4	14	21
3	1	2	5,6	21	28
4	1	2	7,8	28	35
5	1	2	9,10	35	42
6	1	2	11,12	42	49
7	1	2	13,14	49	56
8	1	2	15,16	56	63
9	1	2	17,18	63	70
10	1	2	19,20	70	77
11	1	2	21,22	77	84
12	1	2	23,24	84	91
13	1	2	25,26	91	98
14	1	2	27,28	98	105
15	1	2	29,30	105	112
16	1	2	31,32	112	119
17	1	2	33,34	119	126
18	1	2	35,36	126	133
19	1	2	37,38	133	140
20	1	2	39,40	140	147
21	1	2	41,42	147	154
22	1	2	43,44	154	161
23	1	2	45,46	161	168
24	1	2	47,48	168	175
25	2	7	49,50,51,52,53,54,55	7	35
26	2	7	57,58,59,60,61,62,63	14	42
27	2	7	65,66,67,68,69,70,71	21	49
28	2	7	73,74,75,76,77,78,79	28	56
29	2	7	56,81,82,83,84,85,86	35	63
30	2	7	64,88,89,90,91,92,93	42	70
31	2	7	72,95,96,97,98,99,100	49	77
32	2	7	80,102,103,104,105,106,107	56	84
33	2	7	87,109,110,111,112,113,114	63	91
34	2	7	94,116,117,118,119,120,121	70	98
35	2	7	101,123,124,125,126,127,128	77	105
36	2	7	108,130,131,132,133,134,135	84	112
37	2	7	115,137,138,139,140,141,142	91	119
38	2	7	122,144,145,146,147,148,149	98	126
39	2	7	129,151,152,153,154,155,156	105	133
40	2	7	136,158,159,160,161,162,163	112	140
41	2	7	143,165,166,167,168,169,170	119	147
42	2	7	150,172,173,174,175,176,177	126	154
43	2	7	157,178,179,180,181,182,183	133	161
44	2	7	164,184,185,186,187,188,189	140	168
45	2	7	171,190,191,192,193,194,195	147	175
46	3	9	196,197,198,199,200,201,202,203,204	7	56
47	3	9	206,207,208,209,210,211,212,213,214	14	63
48	3	9	216,217,218,219,220,221,222,223,224	21	70
49	3	9	226,227,228,229,230,231,232,233,234	28	77
50	3	9	236,237,238,239,240,241,242,243,244	35	84
51	3	9	246,247,248,249,250,251,252,253,254	42	91
52	3	9	256,257,258,259,260,261,262,263,264	49	98
53	3	9	205,266,267,268,269,270,271,272,273	56	105
54	3	9	215,275,276,277,278,279,280,281,282	63	112
55	3	9	225,284,285,286,287,288,289,290,291	70	119
56	3	9	235,293,294,295,296,297,298,299,300	77	126
57	3	9	245,302,303,304,305,306,307,308,309	84	133
58	3	9	255,310,311,312,313,314,315,316,317	91	140
59	3	9	265,318,319,320,321,322,323,324,325	98	147
60	3	9	274,326,327,328,329,330,331,332,333	105	154
61	3	9	283,334,335,336,337,338,339,340,341	112	161
62	3	9	292,342,343,344,345,346,347,348,349	119	168
63	3	9	301,350,351,352,353,354,355,356,357	126	175
64	4	13	358,359,360,361,362,363,364,365,366,367,368,369,370	7	56
65	4	13	372,373,374,375,376,377,378,379,380,381,382,383,384	14	63
66	4	13	386,387,388,389,390,391,392,393,394,395,396,397,398	21	70
67	4	13	400,401,402,403,404,405,406,407,408,409,410,411,412	28	77
68	4	13	414,415,416,417,418,419,420,421,422,423,424,425,426	35	84
69	4	13	428,429,430,431,432,433,434,435,436,437,438,439,440	42	91
70	4	13	442,443,444,445,446,447,448,449,450,451,452,453,454	49	98
71	4	13	371,456,457,458,459,460,461,462,463,464,465,466,467	56	105
72	4	13	385,469,470,471,472,473,474,475,476,477,478,479,480	63	112
73	4	13	399,482,483,484,485,486,487,488,489,490,491,492,493	70	119
74	4	13	413,495,496,497,498,499,500,501,502,503,504,505,506	77	126
75	4	13	427,508,509,510,511,512,513,514,515,516,517,518,519	84	133
76	4	13	441,520,521,522,523,524,525,526,527,528,529,530,531	91	140
77	4	13	455,532,533,534,535,536,537,538,539,540,541,542,543	98	147
78	4	13	468,544,545,546,547,548,549,550,551,552,553,554,555	105	154
79	4	13	481,556,557,558,559,560,561,562,563,564,565,566,567	112	161
80	4	13	494,568,569,570,571,572,573,574,575,576,577,578,579	119	168
81	4	13	507,580,581,582,583,584,585,586,587,588,589,590,591	126	175
82	5	10	592,593,594,595,596,597,598,599,600,601	7	56
83	5	10	603,604,605,606,607,608,609,610,611,612	14	63
84	5	10	614,615,616,617,618,619,620,621,622,623	21	70
85	5	10	625,626,627,628,629,630,631,632,633,634	28	77
86	5	10	636,637,638,639,640,641,642,643,644,645	35	84
87	5	10	647,648,649,650,651,652,653,654,655,656	42	91
88	5	10	658,659,660,661,662,663,664,665,666,667	49	98
89	5	10	602,669,670,671,672,673,674,675,676,677	56	105
90	5	10	613,679,680,681,682,683,684,685,686,687	63	112
91	5	10	624,689,690,691,692,693,694,695,696,697	70	119
92	5	10	635,699,700,701,702,703,704,705,706,707	77	126
93	5	10	646,709,710,711,712,713,714,715,716,717	84	133
94	5	10	657,718,719,720,721,722,723,724,725,726	91	140
95	5	10	668,727,728,729,730,731,732,733,734,735	98	147
96	5	10	678,736,737,738,739,740,741,742,743,744	105	154
97	5	10	688,745,746,747,748,749,750,751,752,753	112	161
98	5	10	698,754,755,756,757,758,759,760,761,762	119	168
99	5	10	708,763,764,765,766,767,768,769,770,771	126	175
100	6	4	772,773,774,775	7	21
101	6	4	777,778,779,780	14	28
102	6	4	776,782,783,784	21	35
103	6	4	781,786,787,788	28	42
104	6	4	785,790,791,792	35	49
105	6	4	789,794,795,796	42	56
106	6	4	793,798,799,800	49	63
107	6	4	797,802,803,804	56	70
108	6	4	801,806,807,808	63	77
109	6	4	805,810,811,812	70	84
110	6	4	809,814,815,816	77	91
111	6	4	813,818,819,820	84	98
112	6	4	817,822,823,824	91	105
113	6	4	821,826,827,828	98	112
114	6	4	825,830,831,832	105	119
115	6	4	829,834,835,836	112	126
116	6	4	833,838,839,840	119	133
117	6	4	837,842,843,844	126	140
118	6	4	841,846,847,848	133	147
119	6	4	845,850,851,852	140	154
120	6	4	849,854,855,856	147	161
121	6	4	853,858,859,860	154	168
122	6	4	857,861,862,863	161	175
123	7	12	864,865,866,867,868,869,870,871,872,873,874,875	7	70
124	7	12	877,878,879,880,881,882,883,884,885,886,887,888	14	77
125	7	12	890,891,892,893,894,895,896,897,898,899,900,901	21	84
126	7	12	903,904,905,906,907,908,909,910,911,912,913,914	28	91
127	7	12	916,917,918,919,920,921,922,923,924,925,926,927	35	98
128	7	12	929,930,931,932,933,934,935,936,937,938,939,940	42	105
129	7	12	942,943,944,945,946,947,948,949,950,951,952,953	49	112
130	7	12	955,956,957,958,959,960,961,962,963,964,965,966	56	119
131	7	12	967,968,969,970,971,972,973,974,975,976,977,978	63	126
132	7	12	876,979,980,981,982,983,984,985,986,987,988,989	70	133
133	7	12	889,990,991,992,993,994,995,996,997,998,999,1000	77	140
134	7	12	902,1001,1002,1003,1004,1005,1006,1007,1008,1009,1010,1011	84	147
135	7	12	915,1012,1013,1014,1015,1016,1017,1018,1019,1020,1021,1022	91	154
136	7	12	928,1023,1024,1025,1026,1027,1028,1029,1030,1031,1032,1033	98	161
137	7	12	941,1034,1035,1036,1037,1038,1039,1040,1041,1042,1043,1044	105	168
138	7	12	954,1045,1046,1047,1048,1049,1050,1051,1052,1053,1054,1055	112	175
139	8	12	1056,1057,1058,1059,1060,1061,1062,1063,1064,1065,1066,1067	7	63
140	8	12	1069,1070,1071,1072,1073,1074,1075,1076,1077,1078,1079,1080	14	70
141	8	12	1082,1083,1084,1085,1086,1087,1088,1089,1090,1091,1092,1093	21	77
142	8	12	1095,1096,1097,1098,1099,1100,1101,1102,1103,1104,1105,1106	28	84
143	8	12	1108,1109,1110,1111,1112,1113,1114,1115,1116,1117,1118,1119	35	91
144	8	12	1121,1122,1123,1124,1125,1126,1127,1128,1129,1130,1131,1132	42	98
145	8	12	1134,1135,1136,1137,1138,1139,1140,1141,1142,1143,1144,1145	49	105
146	8	12	1147,1148,1149,1150,1151,1152,1153,1154,1155,1156,1157,1158	56	112
147	8	12	1068,1160,1161,1162,1163,1164,1165,1166,1167,1168,1169,1170	63	119
148	8	12	1081,1172,1173,1174,1175,1176,1177,1178,1179,1180,1181,1182	70	126
149	8	12	1094,1183,1184,1185,1186,1187,1188,1189,1190,1191,1192,1193	77	133
150	8	12	1107,1194,1195,1196,1197,1198,1199,1200,1201,1202,1203,1204	84	140
151	8	12	1120,1205,1206,1207,1208,1209,1210,1211,1212,1213,1214,1215	91	147
152	8	12	1133,1216,1217,1218,1219,1220,1221,1222,1223,1224,1225,1226	98	154
153	8	12	1146,1227,1228,1229,1230,1231,1232,1233,1234,1235,1236,1237	105	161
154	8	12	1159,1238,1239,1240,1241,1242,1243,1244,1245,1246,1247,1248	112	168
155	8	12	1171,1249,1250,1251,1252,1253,1254,1255,1256,1257,1258,1259	119	175
