TransshipArc ID	Port	origin_node_ID	OriginTime	TransshipTime	Destination_node_ID	DestinationTime	FromRoute	ToRoute
970	ALGECIRAS	1	7	6	200	13	1	2
971	ALGECIRAS	1	7	13	211	20	1	2
972	ALGECIRAS	1	7	13	528	20	1	4
973	LIVORNO	2	11	3	208	14	1	2
974	LIVORNO	2	11	10	219	21	1	2
975	GENOA	3	12	3	209	15	1	2
976	GENOA	3	12	10	220	22	1	2
977	GENOA	3	12	5	393	17	1	3
978	GENOA	3	12	12	401	24	1	3
979	FOS SUR MER	4	15	2	210	17	1	2
980	FOS SUR MER	4	15	9	221	24	1	2
981	VALENCIA	6	19	2	394	21	1	3
982	VALENCIA	6	19	9	402	28	1	3
983	NEW YORK, NY	7	29	0	529	29	1	4
984	NEW YORK, NY	7	29	7	540	36	1	4
985	NEW YORK, NY	7	29	4	734	33	1	5
986	NEW YORK, NY	7	29	11	744	40	1	5
987	NORFOLK, VA	8	31	0	530	31	1	4
988	NORFOLK, VA	8	31	7	541	38	1	4
989	NORFOLK, VA	8	31	6	735	37	1	5
990	NORFOLK, VA	8	31	13	745	44	1	5
991	SAVANNAH, GA	9	34	6	542	40	1	4
992	SAVANNAH, GA	9	34	13	553	47	1	4
993	SAVANNAH, GA	9	34	0	726	34	1	5
994	SAVANNAH, GA	9	34	7	736	41	1	5
995	MIAMI, FL	10	36	4	403	40	1	3
996	MIAMI, FL	10	36	11	411	47	1	3
997	ALGECIRAS	11	49	6	266	55	1	2
998	ALGECIRAS	11	49	13	276	62	1	2
999	ALGECIRAS	11	49	1	543	50	1	4
1000	ALGECIRAS	11	49	8	554	57	1	4
1001	ALGECIRAS	11	49	6	583	55	1	4
1002	ALGECIRAS	11	49	13	593	62	1	4
1003	ALGECIRAS	12	14	6	211	20	1	2
1004	ALGECIRAS	12	14	13	222	27	1	2
1005	ALGECIRAS	12	14	6	528	20	1	4
1006	ALGECIRAS	12	14	13	539	27	1	4
1007	LIVORNO	13	18	3	219	21	1	2
1008	LIVORNO	13	18	10	230	28	1	2
1009	GENOA	14	19	3	220	22	1	2
1010	GENOA	14	19	10	231	29	1	2
1011	GENOA	14	19	5	401	24	1	3
1012	GENOA	14	19	12	409	31	1	3
1013	FOS SUR MER	15	22	2	221	24	1	2
1014	FOS SUR MER	15	22	9	232	31	1	2
1015	VALENCIA	17	26	2	402	28	1	3
1016	VALENCIA	17	26	9	410	35	1	3
1017	NEW YORK, NY	18	36	0	540	36	1	4
1018	NEW YORK, NY	18	36	7	551	43	1	4
1019	NEW YORK, NY	18	36	4	744	40	1	5
1020	NEW YORK, NY	18	36	11	754	47	1	5
1021	NORFOLK, VA	19	38	0	541	38	1	4
1022	NORFOLK, VA	19	38	7	552	45	1	4
1023	NORFOLK, VA	19	38	6	745	44	1	5
1024	NORFOLK, VA	19	38	13	755	51	1	5
1025	SAVANNAH, GA	20	41	6	553	47	1	4
1026	SAVANNAH, GA	20	41	13	564	54	1	4
1027	SAVANNAH, GA	20	41	0	736	41	1	5
1028	SAVANNAH, GA	20	41	7	746	48	1	5
1029	MIAMI, FL	21	43	4	411	47	1	3
1030	MIAMI, FL	21	43	11	419	54	1	3
1031	ALGECIRAS	22	56	6	276	62	1	2
1032	ALGECIRAS	22	56	13	286	69	1	2
1033	ALGECIRAS	22	56	1	554	57	1	4
1034	ALGECIRAS	22	56	8	565	64	1	4
1035	ALGECIRAS	22	56	6	593	62	1	4
1036	ALGECIRAS	22	56	13	603	69	1	4
1037	ALGECIRAS	23	21	6	222	27	1	2
1038	ALGECIRAS	23	21	13	233	34	1	2
1039	ALGECIRAS	23	21	6	539	27	1	4
1040	ALGECIRAS	23	21	13	550	34	1	4
1041	LIVORNO	24	25	3	230	28	1	2
1042	LIVORNO	24	25	10	241	35	1	2
1043	GENOA	25	26	3	231	29	1	2
1044	GENOA	25	26	10	242	36	1	2
1045	GENOA	25	26	5	409	31	1	3
1046	GENOA	25	26	12	417	38	1	3
1047	FOS SUR MER	26	29	2	232	31	1	2
1048	FOS SUR MER	26	29	9	243	38	1	2
1049	VALENCIA	28	33	2	410	35	1	3
1050	VALENCIA	28	33	9	418	42	1	3
1051	NEW YORK, NY	29	43	0	551	43	1	4
1052	NEW YORK, NY	29	43	7	562	50	1	4
1053	NEW YORK, NY	29	43	4	754	47	1	5
1054	NEW YORK, NY	29	43	11	764	54	1	5
1055	NORFOLK, VA	30	45	0	552	45	1	4
1056	NORFOLK, VA	30	45	7	563	52	1	4
1057	NORFOLK, VA	30	45	6	755	51	1	5
1058	NORFOLK, VA	30	45	13	765	58	1	5
1059	SAVANNAH, GA	31	48	6	564	54	1	4
1060	SAVANNAH, GA	31	48	13	575	61	1	4
1061	SAVANNAH, GA	31	48	0	746	48	1	5
1062	SAVANNAH, GA	31	48	7	756	55	1	5
1063	MIAMI, FL	32	50	4	419	54	1	3
1064	MIAMI, FL	32	50	11	427	61	1	3
1065	ALGECIRAS	33	63	6	286	69	1	2
1066	ALGECIRAS	33	63	13	296	76	1	2
1067	ALGECIRAS	33	63	1	565	64	1	4
1068	ALGECIRAS	33	63	8	576	71	1	4
1069	ALGECIRAS	33	63	6	603	69	1	4
1070	ALGECIRAS	33	63	13	613	76	1	4
1071	ALGECIRAS	34	28	6	233	34	1	2
1072	ALGECIRAS	34	28	13	244	41	1	2
1073	ALGECIRAS	34	28	6	550	34	1	4
1074	ALGECIRAS	34	28	13	561	41	1	4
1075	LIVORNO	35	32	3	241	35	1	2
1076	LIVORNO	35	32	10	252	42	1	2
1077	GENOA	36	33	3	242	36	1	2
1078	GENOA	36	33	10	253	43	1	2
1079	GENOA	36	33	5	417	38	1	3
1080	GENOA	36	33	12	425	45	1	3
1081	FOS SUR MER	37	36	2	243	38	1	2
1082	FOS SUR MER	37	36	9	254	45	1	2
1083	VALENCIA	39	40	2	418	42	1	3
1084	VALENCIA	39	40	9	426	49	1	3
1085	NEW YORK, NY	40	50	0	562	50	1	4
1086	NEW YORK, NY	40	50	7	573	57	1	4
1087	NEW YORK, NY	40	50	4	764	54	1	5
1088	NEW YORK, NY	40	50	11	774	61	1	5
1089	NORFOLK, VA	41	52	0	563	52	1	4
1090	NORFOLK, VA	41	52	7	574	59	1	4
1091	NORFOLK, VA	41	52	6	765	58	1	5
1092	NORFOLK, VA	41	52	13	775	65	1	5
1093	SAVANNAH, GA	42	55	6	575	61	1	4
1094	SAVANNAH, GA	42	55	13	586	68	1	4
1095	SAVANNAH, GA	42	55	0	756	55	1	5
1096	SAVANNAH, GA	42	55	7	766	62	1	5
1097	MIAMI, FL	43	57	4	427	61	1	3
1098	MIAMI, FL	43	57	11	434	68	1	3
1099	ALGECIRAS	44	70	6	296	76	1	2
1100	ALGECIRAS	44	70	13	306	83	1	2
1101	ALGECIRAS	44	70	1	576	71	1	4
1102	ALGECIRAS	44	70	8	587	78	1	4
1103	ALGECIRAS	44	70	6	613	76	1	4
1104	ALGECIRAS	44	70	13	623	83	1	4
1105	ALGECIRAS	45	35	6	244	41	1	2
1106	ALGECIRAS	45	35	13	255	48	1	2
1107	ALGECIRAS	45	35	8	532	43	1	4
1108	ALGECIRAS	45	35	6	561	41	1	4
1109	ALGECIRAS	45	35	13	572	48	1	4
1110	LIVORNO	46	39	3	252	42	1	2
1111	LIVORNO	46	39	10	263	49	1	2
1112	GENOA	47	40	3	253	43	1	2
1113	GENOA	47	40	10	264	50	1	2
1114	GENOA	47	40	5	425	45	1	3
1115	GENOA	47	40	12	432	52	1	3
1116	FOS SUR MER	48	43	2	254	45	1	2
1117	FOS SUR MER	48	43	9	265	52	1	2
1118	VALENCIA	50	47	2	426	49	1	3
1119	VALENCIA	50	47	9	433	56	1	3
1120	NEW YORK, NY	51	57	0	573	57	1	4
1121	NEW YORK, NY	51	57	7	584	64	1	4
1122	NEW YORK, NY	51	57	4	774	61	1	5
1123	NEW YORK, NY	51	57	11	783	68	1	5
1124	NORFOLK, VA	52	59	0	574	59	1	4
1125	NORFOLK, VA	52	59	7	585	66	1	4
1126	NORFOLK, VA	52	59	6	775	65	1	5
1127	NORFOLK, VA	52	59	13	784	72	1	5
1128	SAVANNAH, GA	53	62	6	586	68	1	4
1129	SAVANNAH, GA	53	62	13	596	75	1	4
1130	SAVANNAH, GA	53	62	0	766	62	1	5
1131	SAVANNAH, GA	53	62	7	776	69	1	5
1132	MIAMI, FL	54	64	4	434	68	1	3
1133	MIAMI, FL	54	64	11	441	75	1	3
1134	ALGECIRAS	55	77	6	306	83	1	2
1135	ALGECIRAS	55	77	13	316	90	1	2
1136	ALGECIRAS	55	77	1	587	78	1	4
1137	ALGECIRAS	55	77	8	597	85	1	4
1138	ALGECIRAS	55	77	6	623	83	1	4
1139	ALGECIRAS	55	77	13	633	90	1	4
1140	ALGECIRAS	56	42	6	255	48	1	2
1141	ALGECIRAS	56	42	13	266	55	1	2
1142	ALGECIRAS	56	42	1	532	43	1	4
1143	ALGECIRAS	56	42	8	543	50	1	4
1144	ALGECIRAS	56	42	6	572	48	1	4
1145	ALGECIRAS	56	42	13	583	55	1	4
1146	LIVORNO	57	46	10	207	56	1	2
1147	LIVORNO	57	46	3	263	49	1	2
1148	GENOA	58	47	3	264	50	1	2
1149	GENOA	58	47	10	274	57	1	2
1150	GENOA	58	47	5	432	52	1	3
1151	GENOA	58	47	12	439	59	1	3
1152	FOS SUR MER	59	50	2	265	52	1	2
1153	FOS SUR MER	59	50	9	275	59	1	2
1154	VALENCIA	61	54	2	433	56	1	3
1155	VALENCIA	61	54	9	440	63	1	3
1156	NEW YORK, NY	62	64	0	584	64	1	4
1157	NEW YORK, NY	62	64	7	594	71	1	4
1158	NEW YORK, NY	62	64	4	783	68	1	5
1159	NEW YORK, NY	62	64	11	792	75	1	5
1160	NORFOLK, VA	63	66	0	585	66	1	4
1161	NORFOLK, VA	63	66	7	595	73	1	4
1162	NORFOLK, VA	63	66	6	784	72	1	5
1163	NORFOLK, VA	63	66	13	793	79	1	5
1164	SAVANNAH, GA	64	69	6	596	75	1	4
1165	SAVANNAH, GA	64	69	13	606	82	1	4
1166	SAVANNAH, GA	64	69	0	776	69	1	5
1167	SAVANNAH, GA	64	69	7	785	76	1	5
1168	MIAMI, FL	65	71	4	441	75	1	3
1169	MIAMI, FL	65	71	11	448	82	1	3
1170	ALGECIRAS	66	84	6	316	90	1	2
1171	ALGECIRAS	66	84	13	326	97	1	2
1172	ALGECIRAS	66	84	1	597	85	1	4
1173	ALGECIRAS	66	84	8	607	92	1	4
1174	ALGECIRAS	66	84	6	633	90	1	4
1175	ALGECIRAS	66	84	13	643	97	1	4
1176	LIVORNO	67	53	3	207	56	1	2
1177	LIVORNO	67	53	10	218	63	1	2
1178	GENOA	68	54	3	274	57	1	2
1179	GENOA	68	54	10	284	64	1	2
1180	GENOA	68	54	5	439	59	1	3
1181	GENOA	68	54	12	446	66	1	3
1182	FOS SUR MER	69	57	2	275	59	1	2
1183	FOS SUR MER	69	57	9	285	66	1	2
1184	VALENCIA	71	61	2	440	63	1	3
1185	VALENCIA	71	61	9	447	70	1	3
1186	NEW YORK, NY	72	71	0	594	71	1	4
1187	NEW YORK, NY	72	71	7	604	78	1	4
1188	NEW YORK, NY	72	71	4	792	75	1	5
1189	NEW YORK, NY	72	71	11	801	82	1	5
1190	NORFOLK, VA	73	73	0	595	73	1	4
1191	NORFOLK, VA	73	73	7	605	80	1	4
1192	NORFOLK, VA	73	73	6	793	79	1	5
1193	NORFOLK, VA	73	73	13	802	86	1	5
1194	SAVANNAH, GA	74	76	6	606	82	1	4
1195	SAVANNAH, GA	74	76	13	616	89	1	4
1196	SAVANNAH, GA	74	76	0	785	76	1	5
1197	SAVANNAH, GA	74	76	7	794	83	1	5
1198	MIAMI, FL	75	78	4	448	82	1	3
1199	MIAMI, FL	75	78	11	455	89	1	3
1200	ALGECIRAS	76	91	6	326	97	1	2
1201	ALGECIRAS	76	91	13	336	104	1	2
1202	ALGECIRAS	76	91	1	607	92	1	4
1203	ALGECIRAS	76	91	8	617	99	1	4
1204	ALGECIRAS	76	91	6	643	97	1	4
1205	ALGECIRAS	76	91	13	653	104	1	4
1206	LIVORNO	77	60	3	218	63	1	2
1207	LIVORNO	77	60	10	229	70	1	2
1208	GENOA	78	61	3	284	64	1	2
1209	GENOA	78	61	10	294	71	1	2
1210	GENOA	78	61	5	446	66	1	3
1211	GENOA	78	61	12	453	73	1	3
1212	FOS SUR MER	79	64	2	285	66	1	2
1213	FOS SUR MER	79	64	9	295	73	1	2
1214	VALENCIA	81	68	2	447	70	1	3
1215	VALENCIA	81	68	9	454	77	1	3
1216	NEW YORK, NY	82	78	0	604	78	1	4
1217	NEW YORK, NY	82	78	7	614	85	1	4
1218	NEW YORK, NY	82	78	4	801	82	1	5
1219	NEW YORK, NY	82	78	11	810	89	1	5
1220	NORFOLK, VA	83	80	0	605	80	1	4
1221	NORFOLK, VA	83	80	7	615	87	1	4
1222	NORFOLK, VA	83	80	6	802	86	1	5
1223	NORFOLK, VA	83	80	13	811	93	1	5
1224	SAVANNAH, GA	84	83	6	616	89	1	4
1225	SAVANNAH, GA	84	83	13	626	96	1	4
1226	SAVANNAH, GA	84	83	0	794	83	1	5
1227	SAVANNAH, GA	84	83	7	803	90	1	5
1228	MIAMI, FL	85	85	4	455	89	1	3
1229	MIAMI, FL	85	85	11	462	96	1	3
1230	ALGECIRAS	86	98	6	336	104	1	2
1231	ALGECIRAS	86	98	13	346	111	1	2
1232	ALGECIRAS	86	98	1	617	99	1	4
1233	ALGECIRAS	86	98	8	627	106	1	4
1234	ALGECIRAS	86	98	6	653	104	1	4
1235	ALGECIRAS	86	98	13	663	111	1	4
1236	LIVORNO	87	67	3	229	70	1	2
1237	LIVORNO	87	67	10	240	77	1	2
1238	GENOA	88	68	3	294	71	1	2
1239	GENOA	88	68	10	304	78	1	2
1240	GENOA	88	68	5	453	73	1	3
1241	GENOA	88	68	12	460	80	1	3
1242	FOS SUR MER	89	71	2	295	73	1	2
1243	FOS SUR MER	89	71	9	305	80	1	2
1244	VALENCIA	91	75	2	454	77	1	3
1245	VALENCIA	91	75	9	461	84	1	3
1246	NEW YORK, NY	92	85	0	614	85	1	4
1247	NEW YORK, NY	92	85	7	624	92	1	4
1248	NEW YORK, NY	92	85	4	810	89	1	5
1249	NEW YORK, NY	92	85	11	819	96	1	5
1250	NORFOLK, VA	93	87	0	615	87	1	4
1251	NORFOLK, VA	93	87	7	625	94	1	4
1252	NORFOLK, VA	93	87	6	811	93	1	5
1253	NORFOLK, VA	93	87	13	820	100	1	5
1254	SAVANNAH, GA	94	90	6	626	96	1	4
1255	SAVANNAH, GA	94	90	13	636	103	1	4
1256	SAVANNAH, GA	94	90	0	803	90	1	5
1257	SAVANNAH, GA	94	90	7	812	97	1	5
1258	MIAMI, FL	95	92	4	462	96	1	3
1259	MIAMI, FL	95	92	11	469	103	1	3
1260	ALGECIRAS	96	105	6	346	111	1	2
1261	ALGECIRAS	96	105	13	356	118	1	2
1262	ALGECIRAS	96	105	1	627	106	1	4
1263	ALGECIRAS	96	105	8	637	113	1	4
1264	ALGECIRAS	96	105	6	663	111	1	4
1265	ALGECIRAS	96	105	13	673	118	1	4
1266	LIVORNO	97	74	3	240	77	1	2
1267	LIVORNO	97	74	10	251	84	1	2
1268	GENOA	98	75	3	304	78	1	2
1269	GENOA	98	75	10	314	85	1	2
1270	GENOA	98	75	5	460	80	1	3
1271	GENOA	98	75	12	467	87	1	3
1272	FOS SUR MER	99	78	2	305	80	1	2
1273	FOS SUR MER	99	78	9	315	87	1	2
1274	VALENCIA	101	82	2	461	84	1	3
1275	VALENCIA	101	82	9	468	91	1	3
1276	NEW YORK, NY	102	92	0	624	92	1	4
1277	NEW YORK, NY	102	92	7	634	99	1	4
1278	NEW YORK, NY	102	92	4	819	96	1	5
1279	NEW YORK, NY	102	92	11	828	103	1	5
1280	NORFOLK, VA	103	94	0	625	94	1	4
1281	NORFOLK, VA	103	94	7	635	101	1	4
1282	NORFOLK, VA	103	94	6	820	100	1	5
1283	NORFOLK, VA	103	94	13	829	107	1	5
1284	SAVANNAH, GA	104	97	6	636	103	1	4
1285	SAVANNAH, GA	104	97	13	646	110	1	4
1286	SAVANNAH, GA	104	97	0	812	97	1	5
1287	SAVANNAH, GA	104	97	7	821	104	1	5
1288	MIAMI, FL	105	99	4	469	103	1	3
1289	MIAMI, FL	105	99	11	476	110	1	3
1290	ALGECIRAS	106	112	6	356	118	1	2
1291	ALGECIRAS	106	112	13	366	125	1	2
1292	ALGECIRAS	106	112	1	637	113	1	4
1293	ALGECIRAS	106	112	8	647	120	1	4
1294	ALGECIRAS	106	112	6	673	118	1	4
1295	ALGECIRAS	106	112	13	683	125	1	4
1296	LIVORNO	107	81	3	251	84	1	2
1297	LIVORNO	107	81	10	262	91	1	2
1298	GENOA	108	82	3	314	85	1	2
1299	GENOA	108	82	10	324	92	1	2
1300	GENOA	108	82	5	467	87	1	3
1301	GENOA	108	82	12	474	94	1	3
1302	FOS SUR MER	109	85	2	315	87	1	2
1303	FOS SUR MER	109	85	9	325	94	1	2
1304	VALENCIA	111	89	2	468	91	1	3
1305	VALENCIA	111	89	9	475	98	1	3
1306	NEW YORK, NY	112	99	0	634	99	1	4
1307	NEW YORK, NY	112	99	7	644	106	1	4
1308	NEW YORK, NY	112	99	4	828	103	1	5
1309	NEW YORK, NY	112	99	11	837	110	1	5
1310	NORFOLK, VA	113	101	0	635	101	1	4
1311	NORFOLK, VA	113	101	7	645	108	1	4
1312	NORFOLK, VA	113	101	6	829	107	1	5
1313	NORFOLK, VA	113	101	13	838	114	1	5
1314	SAVANNAH, GA	114	104	6	646	110	1	4
1315	SAVANNAH, GA	114	104	13	656	117	1	4
1316	SAVANNAH, GA	114	104	0	821	104	1	5
1317	SAVANNAH, GA	114	104	7	830	111	1	5
1318	MIAMI, FL	115	106	4	476	110	1	3
1319	MIAMI, FL	115	106	11	483	117	1	3
1320	ALGECIRAS	116	119	6	366	125	1	2
1321	ALGECIRAS	116	119	13	376	132	1	2
1322	ALGECIRAS	116	119	1	647	120	1	4
1323	ALGECIRAS	116	119	8	657	127	1	4
1324	ALGECIRAS	116	119	6	683	125	1	4
1325	ALGECIRAS	116	119	13	693	132	1	4
1326	LIVORNO	117	88	3	262	91	1	2
1327	LIVORNO	117	88	10	273	98	1	2
1328	GENOA	118	89	3	324	92	1	2
1329	GENOA	118	89	10	334	99	1	2
1330	GENOA	118	89	5	474	94	1	3
1331	GENOA	118	89	12	481	101	1	3
1332	FOS SUR MER	119	92	2	325	94	1	2
1333	FOS SUR MER	119	92	9	335	101	1	2
1334	VALENCIA	121	96	2	475	98	1	3
1335	VALENCIA	121	96	9	482	105	1	3
1336	NEW YORK, NY	122	106	0	644	106	1	4
1337	NEW YORK, NY	122	106	7	654	113	1	4
1338	NEW YORK, NY	122	106	4	837	110	1	5
1339	NEW YORK, NY	122	106	11	846	117	1	5
1340	NORFOLK, VA	123	108	0	645	108	1	4
1341	NORFOLK, VA	123	108	7	655	115	1	4
1342	NORFOLK, VA	123	108	6	838	114	1	5
1343	NORFOLK, VA	123	108	13	847	121	1	5
1344	SAVANNAH, GA	124	111	6	656	117	1	4
1345	SAVANNAH, GA	124	111	13	666	124	1	4
1346	SAVANNAH, GA	124	111	0	830	111	1	5
1347	SAVANNAH, GA	124	111	7	839	118	1	5
1348	MIAMI, FL	125	113	4	483	117	1	3
1349	MIAMI, FL	125	113	11	490	124	1	3
1350	ALGECIRAS	126	126	6	376	132	1	2
1351	ALGECIRAS	126	126	1	657	127	1	4
1352	ALGECIRAS	126	126	8	667	134	1	4
1353	ALGECIRAS	126	126	6	693	132	1	4
1354	ALGECIRAS	126	126	13	703	139	1	4
1355	LIVORNO	127	95	3	273	98	1	2
1356	LIVORNO	127	95	10	283	105	1	2
1357	GENOA	128	96	3	334	99	1	2
1358	GENOA	128	96	10	344	106	1	2
1359	GENOA	128	96	5	481	101	1	3
1360	GENOA	128	96	12	488	108	1	3
1361	FOS SUR MER	129	99	2	335	101	1	2
1362	FOS SUR MER	129	99	9	345	108	1	2
1363	VALENCIA	131	103	2	482	105	1	3
1364	VALENCIA	131	103	9	489	112	1	3
1365	NEW YORK, NY	132	113	0	654	113	1	4
1366	NEW YORK, NY	132	113	7	664	120	1	4
1367	NEW YORK, NY	132	113	4	846	117	1	5
1368	NEW YORK, NY	132	113	11	855	124	1	5
1369	NORFOLK, VA	133	115	0	655	115	1	4
1370	NORFOLK, VA	133	115	7	665	122	1	4
1371	NORFOLK, VA	133	115	6	847	121	1	5
1372	NORFOLK, VA	133	115	13	856	128	1	5
1373	SAVANNAH, GA	134	118	6	666	124	1	4
1374	SAVANNAH, GA	134	118	13	676	131	1	4
1375	SAVANNAH, GA	134	118	0	839	118	1	5
1376	SAVANNAH, GA	134	118	7	848	125	1	5
1377	MIAMI, FL	135	120	4	490	124	1	3
1378	MIAMI, FL	135	120	11	497	131	1	3
1379	ALGECIRAS	136	133	1	667	134	1	4
1380	ALGECIRAS	136	133	8	677	141	1	4
1381	ALGECIRAS	136	133	6	703	139	1	4
1382	ALGECIRAS	136	133	13	713	146	1	4
1383	LIVORNO	137	102	3	283	105	1	2
1384	LIVORNO	137	102	10	293	112	1	2
1385	GENOA	138	103	3	344	106	1	2
1386	GENOA	138	103	10	354	113	1	2
1387	GENOA	138	103	5	488	108	1	3
1388	GENOA	138	103	12	495	115	1	3
1389	FOS SUR MER	139	106	2	345	108	1	2
1390	FOS SUR MER	139	106	9	355	115	1	2
1391	VALENCIA	141	110	2	489	112	1	3
1392	VALENCIA	141	110	9	496	119	1	3
1393	NEW YORK, NY	142	120	0	664	120	1	4
1394	NEW YORK, NY	142	120	7	674	127	1	4
1395	NEW YORK, NY	142	120	4	855	124	1	5
1396	NEW YORK, NY	142	120	11	864	131	1	5
1397	NORFOLK, VA	143	122	0	665	122	1	4
1398	NORFOLK, VA	143	122	7	675	129	1	4
1399	NORFOLK, VA	143	122	6	856	128	1	5
1400	NORFOLK, VA	143	122	13	865	135	1	5
1401	SAVANNAH, GA	144	125	6	676	131	1	4
1402	SAVANNAH, GA	144	125	13	686	138	1	4
1403	SAVANNAH, GA	144	125	0	848	125	1	5
1404	SAVANNAH, GA	144	125	7	857	132	1	5
1405	MIAMI, FL	145	127	4	497	131	1	3
1406	MIAMI, FL	145	127	11	504	138	1	3
1407	ALGECIRAS	146	140	1	677	141	1	4
1408	ALGECIRAS	146	140	8	687	148	1	4
1409	ALGECIRAS	146	140	6	713	146	1	4
1410	LIVORNO	147	109	3	293	112	1	2
1411	LIVORNO	147	109	10	303	119	1	2
1412	GENOA	148	110	3	354	113	1	2
1413	GENOA	148	110	10	364	120	1	2
1414	GENOA	148	110	5	495	115	1	3
1415	GENOA	148	110	12	502	122	1	3
1416	FOS SUR MER	149	113	2	355	115	1	2
1417	FOS SUR MER	149	113	9	365	122	1	2
1418	VALENCIA	151	117	2	496	119	1	3
1419	VALENCIA	151	117	9	503	126	1	3
1420	NEW YORK, NY	152	127	0	674	127	1	4
1421	NEW YORK, NY	152	127	7	684	134	1	4
1422	NEW YORK, NY	152	127	4	864	131	1	5
1423	NEW YORK, NY	152	127	11	873	138	1	5
1424	NORFOLK, VA	153	129	0	675	129	1	4
1425	NORFOLK, VA	153	129	7	685	136	1	4
1426	NORFOLK, VA	153	129	6	865	135	1	5
1427	NORFOLK, VA	153	129	13	874	142	1	5
1428	SAVANNAH, GA	154	132	6	686	138	1	4
1429	SAVANNAH, GA	154	132	13	696	145	1	4
1430	SAVANNAH, GA	154	132	0	857	132	1	5
1431	SAVANNAH, GA	154	132	7	866	139	1	5
1432	MIAMI, FL	155	134	4	504	138	1	3
1433	MIAMI, FL	155	134	11	511	145	1	3
1434	ALGECIRAS	156	147	1	687	148	1	4
1435	ALGECIRAS	156	147	8	697	155	1	4
1436	LIVORNO	157	116	3	303	119	1	2
1437	LIVORNO	157	116	10	313	126	1	2
1438	GENOA	158	117	3	364	120	1	2
1439	GENOA	158	117	10	374	127	1	2
1440	GENOA	158	117	5	502	122	1	3
1441	GENOA	158	117	12	509	129	1	3
1442	FOS SUR MER	159	120	2	365	122	1	2
1443	FOS SUR MER	159	120	9	375	129	1	2
1444	VALENCIA	161	124	2	503	126	1	3
1445	VALENCIA	161	124	9	510	133	1	3
1446	NEW YORK, NY	162	134	0	684	134	1	4
1447	NEW YORK, NY	162	134	7	694	141	1	4
1448	NEW YORK, NY	162	134	4	873	138	1	5
1449	NEW YORK, NY	162	134	11	882	145	1	5
1450	NORFOLK, VA	163	136	0	685	136	1	4
1451	NORFOLK, VA	163	136	7	695	143	1	4
1452	NORFOLK, VA	163	136	6	874	142	1	5
1453	NORFOLK, VA	163	136	13	883	149	1	5
1454	SAVANNAH, GA	164	139	6	696	145	1	4
1455	SAVANNAH, GA	164	139	13	706	152	1	4
1456	SAVANNAH, GA	164	139	0	866	139	1	5
1457	SAVANNAH, GA	164	139	7	875	146	1	5
1458	MIAMI, FL	165	141	4	511	145	1	3
1459	MIAMI, FL	165	141	11	518	152	1	3
1460	ALGECIRAS	166	154	1	697	155	1	4
1461	ALGECIRAS	166	154	8	707	162	1	4
1462	LIVORNO	167	123	3	313	126	1	2
1463	LIVORNO	167	123	10	323	133	1	2
1464	GENOA	168	124	3	374	127	1	2
1465	GENOA	168	124	5	509	129	1	3
1466	GENOA	168	124	12	516	136	1	3
1467	FOS SUR MER	169	127	2	375	129	1	2
1468	VALENCIA	171	131	2	510	133	1	3
1469	VALENCIA	171	131	9	517	140	1	3
1470	NEW YORK, NY	172	141	0	694	141	1	4
1471	NEW YORK, NY	172	141	7	704	148	1	4
1472	NEW YORK, NY	172	141	4	882	145	1	5
1473	NEW YORK, NY	172	141	11	891	152	1	5
1474	NORFOLK, VA	173	143	0	695	143	1	4
1475	NORFOLK, VA	173	143	7	705	150	1	4
1476	NORFOLK, VA	173	143	6	883	149	1	5
1477	NORFOLK, VA	173	143	13	892	156	1	5
1478	SAVANNAH, GA	174	146	6	706	152	1	4
1479	SAVANNAH, GA	174	146	13	716	159	1	4
1480	SAVANNAH, GA	174	146	0	875	146	1	5
1481	SAVANNAH, GA	174	146	7	884	153	1	5
1482	MIAMI, FL	175	148	4	518	152	1	3
1483	ALGECIRAS	176	161	1	707	162	1	4
1484	ALGECIRAS	176	161	8	717	169	1	4
1485	LIVORNO	177	130	3	323	133	1	2
1486	LIVORNO	177	130	10	333	140	1	2
1487	GENOA	178	131	5	516	136	1	3
1488	VALENCIA	181	138	2	517	140	1	3
1489	NEW YORK, NY	182	148	0	704	148	1	4
1490	NEW YORK, NY	182	148	7	714	155	1	4
1491	NEW YORK, NY	182	148	4	891	152	1	5
1492	NORFOLK, VA	183	150	0	705	150	1	4
1493	NORFOLK, VA	183	150	7	715	157	1	4
1494	NORFOLK, VA	183	150	6	892	156	1	5
1495	SAVANNAH, GA	184	153	6	716	159	1	4
1496	SAVANNAH, GA	184	153	0	884	153	1	5
1497	SAVANNAH, GA	184	153	7	893	160	1	5
1498	ALGECIRAS	186	168	1	717	169	1	4
1499	LIVORNO	187	137	3	333	140	1	2
1500	LIVORNO	187	137	10	343	147	1	2
1501	NEW YORK, NY	192	155	0	714	155	1	4
1502	NORFOLK, VA	193	157	0	715	157	1	4
1503	SAVANNAH, GA	194	160	0	893	160	1	5
1504	LIVORNO	197	7	4	2	11	2	1
1505	LIVORNO	197	7	11	13	18	2	1
1506	GENOA	198	8	4	3	12	2	1
1507	GENOA	198	8	11	14	19	2	1
1508	GENOA	198	8	2	385	10	2	3
1509	GENOA	198	8	9	393	17	2	3
1510	FOS SUR MER	199	10	5	4	15	2	1
1511	FOS SUR MER	199	10	12	15	22	2	1
1512	ALGECIRAS	200	13	1	12	14	2	1
1513	ALGECIRAS	200	13	8	23	21	2	1
1514	ALGECIRAS	200	13	7	528	20	2	4
1515	TANGER MED	201	15	6	400	21	2	3
1516	TANGER MED	201	15	13	408	28	2	3
1517	MONTREAL, QC	203	30	4	911	34	2	6
1518	MONTREAL, QC	203	30	11	917	41	2	6
1519	TANGER MED	204	49	0	391	49	2	3
1520	TANGER MED	204	49	7	399	56	2	3
1521	LIVORNO	207	56	4	77	60	2	1
1522	LIVORNO	207	56	11	87	67	2	1
1523	LIVORNO	208	14	4	13	18	2	1
1524	LIVORNO	208	14	11	24	25	2	1
1525	GENOA	209	15	4	14	19	2	1
1526	GENOA	209	15	11	25	26	2	1
1527	GENOA	209	15	2	393	17	2	3
1528	GENOA	209	15	9	401	24	2	3
1529	FOS SUR MER	210	17	5	15	22	2	1
1530	FOS SUR MER	210	17	12	26	29	2	1
1531	ALGECIRAS	211	20	1	23	21	2	1
1532	ALGECIRAS	211	20	8	34	28	2	1
1533	ALGECIRAS	211	20	0	528	20	2	4
1534	ALGECIRAS	211	20	7	539	27	2	4
1535	TANGER MED	212	22	6	408	28	2	3
1536	TANGER MED	212	22	13	416	35	2	3
1537	MONTREAL, QC	214	37	4	917	41	2	6
1538	MONTREAL, QC	214	37	11	922	48	2	6
1539	TANGER MED	215	56	0	399	56	2	3
1540	TANGER MED	215	56	7	407	63	2	3
1541	LIVORNO	218	63	4	87	67	2	1
1542	LIVORNO	218	63	11	97	74	2	1
1543	LIVORNO	219	21	4	24	25	2	1
1544	LIVORNO	219	21	11	35	32	2	1
1545	GENOA	220	22	4	25	26	2	1
1546	GENOA	220	22	11	36	33	2	1
1547	GENOA	220	22	2	401	24	2	3
1548	GENOA	220	22	9	409	31	2	3
1549	FOS SUR MER	221	24	5	26	29	2	1
1550	FOS SUR MER	221	24	12	37	36	2	1
1551	ALGECIRAS	222	27	1	34	28	2	1
1552	ALGECIRAS	222	27	8	45	35	2	1
1553	ALGECIRAS	222	27	0	539	27	2	4
1554	ALGECIRAS	222	27	7	550	34	2	4
1555	TANGER MED	223	29	6	416	35	2	3
1556	TANGER MED	223	29	13	424	42	2	3
1557	MONTREAL, QC	225	44	4	922	48	2	6
1558	MONTREAL, QC	225	44	11	927	55	2	6
1559	TANGER MED	226	63	0	407	63	2	3
1560	TANGER MED	226	63	7	415	70	2	3
1561	LIVORNO	229	70	4	97	74	2	1
1562	LIVORNO	229	70	11	107	81	2	1
1563	LIVORNO	230	28	4	35	32	2	1
1564	LIVORNO	230	28	11	46	39	2	1
1565	GENOA	231	29	4	36	33	2	1
1566	GENOA	231	29	11	47	40	2	1
1567	GENOA	231	29	2	409	31	2	3
1568	GENOA	231	29	9	417	38	2	3
1569	FOS SUR MER	232	31	5	37	36	2	1
1570	FOS SUR MER	232	31	12	48	43	2	1
1571	ALGECIRAS	233	34	1	45	35	2	1
1572	ALGECIRAS	233	34	8	56	42	2	1
1573	ALGECIRAS	233	34	9	532	43	2	4
1574	ALGECIRAS	233	34	0	550	34	2	4
1575	ALGECIRAS	233	34	7	561	41	2	4
1576	TANGER MED	234	36	13	391	49	2	3
1577	TANGER MED	234	36	6	424	42	2	3
1578	MONTREAL, QC	236	51	4	927	55	2	6
1579	MONTREAL, QC	236	51	11	932	62	2	6
1580	TANGER MED	237	70	0	415	70	2	3
1581	TANGER MED	237	70	7	423	77	2	3
1582	LIVORNO	240	77	4	107	81	2	1
1583	LIVORNO	240	77	11	117	88	2	1
1584	LIVORNO	241	35	4	46	39	2	1
1585	LIVORNO	241	35	11	57	46	2	1
1586	GENOA	242	36	4	47	40	2	1
1587	GENOA	242	36	11	58	47	2	1
1588	GENOA	242	36	2	417	38	2	3
1589	GENOA	242	36	9	425	45	2	3
1590	FOS SUR MER	243	38	5	48	43	2	1
1591	FOS SUR MER	243	38	12	59	50	2	1
1592	ALGECIRAS	244	41	8	11	49	2	1
1593	ALGECIRAS	244	41	1	56	42	2	1
1594	ALGECIRAS	244	41	2	532	43	2	4
1595	ALGECIRAS	244	41	9	543	50	2	4
1596	ALGECIRAS	244	41	0	561	41	2	4
1597	ALGECIRAS	244	41	7	572	48	2	4
1598	TANGER MED	245	43	6	391	49	2	3
1599	TANGER MED	245	43	13	399	56	2	3
1600	MONTREAL, QC	247	58	4	932	62	2	6
1601	MONTREAL, QC	247	58	11	937	69	2	6
1602	TANGER MED	248	77	0	423	77	2	3
1603	TANGER MED	248	77	7	431	84	2	3
1604	LIVORNO	251	84	4	117	88	2	1
1605	LIVORNO	251	84	11	127	95	2	1
1606	LIVORNO	252	42	4	57	46	2	1
1607	LIVORNO	252	42	11	67	53	2	1
1608	GENOA	253	43	4	58	47	2	1
1609	GENOA	253	43	11	68	54	2	1
1610	GENOA	253	43	2	425	45	2	3
1611	GENOA	253	43	9	432	52	2	3
1612	FOS SUR MER	254	45	5	59	50	2	1
1613	FOS SUR MER	254	45	12	69	57	2	1
1614	ALGECIRAS	255	48	1	11	49	2	1
1615	ALGECIRAS	255	48	8	22	56	2	1
1616	ALGECIRAS	255	48	2	543	50	2	4
1617	ALGECIRAS	255	48	9	554	57	2	4
1618	ALGECIRAS	255	48	0	572	48	2	4
1619	ALGECIRAS	255	48	7	583	55	2	4
1620	TANGER MED	256	50	6	399	56	2	3
1621	TANGER MED	256	50	13	407	63	2	3
1622	MONTREAL, QC	258	65	4	937	69	2	6
1623	MONTREAL, QC	258	65	11	942	76	2	6
1624	TANGER MED	259	84	0	431	84	2	3
1625	TANGER MED	259	84	7	438	91	2	3
1626	LIVORNO	262	91	4	127	95	2	1
1627	LIVORNO	262	91	11	137	102	2	1
1628	LIVORNO	263	49	4	67	53	2	1
1629	LIVORNO	263	49	11	77	60	2	1
1630	GENOA	264	50	4	68	54	2	1
1631	GENOA	264	50	11	78	61	2	1
1632	GENOA	264	50	2	432	52	2	3
1633	GENOA	264	50	9	439	59	2	3
1634	FOS SUR MER	265	52	5	69	57	2	1
1635	FOS SUR MER	265	52	12	79	64	2	1
1636	ALGECIRAS	266	55	1	22	56	2	1
1637	ALGECIRAS	266	55	8	33	63	2	1
1638	ALGECIRAS	266	55	2	554	57	2	4
1639	ALGECIRAS	266	55	9	565	64	2	4
1640	ALGECIRAS	266	55	0	583	55	2	4
1641	ALGECIRAS	266	55	7	593	62	2	4
1642	TANGER MED	267	57	6	407	63	2	3
1643	TANGER MED	267	57	13	415	70	2	3
1644	MONTREAL, QC	269	72	4	942	76	2	6
1645	MONTREAL, QC	269	72	11	947	83	2	6
1646	TANGER MED	270	91	0	438	91	2	3
1647	TANGER MED	270	91	7	445	98	2	3
1648	LIVORNO	273	98	4	137	102	2	1
1649	LIVORNO	273	98	11	147	109	2	1
1650	GENOA	274	57	4	78	61	2	1
1651	GENOA	274	57	11	88	68	2	1
1652	GENOA	274	57	2	439	59	2	3
1653	GENOA	274	57	9	446	66	2	3
1654	FOS SUR MER	275	59	5	79	64	2	1
1655	FOS SUR MER	275	59	12	89	71	2	1
1656	ALGECIRAS	276	62	1	33	63	2	1
1657	ALGECIRAS	276	62	8	44	70	2	1
1658	ALGECIRAS	276	62	2	565	64	2	4
1659	ALGECIRAS	276	62	9	576	71	2	4
1660	ALGECIRAS	276	62	0	593	62	2	4
1661	ALGECIRAS	276	62	7	603	69	2	4
1662	TANGER MED	277	64	6	415	70	2	3
1663	TANGER MED	277	64	13	423	77	2	3
1664	MONTREAL, QC	279	79	4	947	83	2	6
1665	MONTREAL, QC	279	79	11	952	90	2	6
1666	TANGER MED	280	98	0	445	98	2	3
1667	TANGER MED	280	98	7	452	105	2	3
1668	LIVORNO	283	105	4	147	109	2	1
1669	LIVORNO	283	105	11	157	116	2	1
1670	GENOA	284	64	4	88	68	2	1
1671	GENOA	284	64	11	98	75	2	1
1672	GENOA	284	64	2	446	66	2	3
1673	GENOA	284	64	9	453	73	2	3
1674	FOS SUR MER	285	66	5	89	71	2	1
1675	FOS SUR MER	285	66	12	99	78	2	1
1676	ALGECIRAS	286	69	1	44	70	2	1
1677	ALGECIRAS	286	69	8	55	77	2	1
1678	ALGECIRAS	286	69	2	576	71	2	4
1679	ALGECIRAS	286	69	9	587	78	2	4
1680	ALGECIRAS	286	69	0	603	69	2	4
1681	ALGECIRAS	286	69	7	613	76	2	4
1682	TANGER MED	287	71	6	423	77	2	3
1683	TANGER MED	287	71	13	431	84	2	3
1684	MONTREAL, QC	289	86	4	952	90	2	6
1685	MONTREAL, QC	289	86	11	957	97	2	6
1686	TANGER MED	290	105	0	452	105	2	3
1687	TANGER MED	290	105	7	459	112	2	3
1688	LIVORNO	293	112	4	157	116	2	1
1689	LIVORNO	293	112	11	167	123	2	1
1690	GENOA	294	71	4	98	75	2	1
1691	GENOA	294	71	11	108	82	2	1
1692	GENOA	294	71	2	453	73	2	3
1693	GENOA	294	71	9	460	80	2	3
1694	FOS SUR MER	295	73	5	99	78	2	1
1695	FOS SUR MER	295	73	12	109	85	2	1
1696	ALGECIRAS	296	76	1	55	77	2	1
1697	ALGECIRAS	296	76	8	66	84	2	1
1698	ALGECIRAS	296	76	2	587	78	2	4
1699	ALGECIRAS	296	76	9	597	85	2	4
1700	ALGECIRAS	296	76	0	613	76	2	4
1701	ALGECIRAS	296	76	7	623	83	2	4
1702	TANGER MED	297	78	6	431	84	2	3
1703	TANGER MED	297	78	13	438	91	2	3
1704	MONTREAL, QC	299	93	4	957	97	2	6
1705	MONTREAL, QC	299	93	11	962	104	2	6
1706	TANGER MED	300	112	0	459	112	2	3
1707	TANGER MED	300	112	7	466	119	2	3
1708	LIVORNO	303	119	4	167	123	2	1
1709	LIVORNO	303	119	11	177	130	2	1
1710	GENOA	304	78	4	108	82	2	1
1711	GENOA	304	78	11	118	89	2	1
1712	GENOA	304	78	2	460	80	2	3
1713	GENOA	304	78	9	467	87	2	3
1714	FOS SUR MER	305	80	5	109	85	2	1
1715	FOS SUR MER	305	80	12	119	92	2	1
1716	ALGECIRAS	306	83	1	66	84	2	1
1717	ALGECIRAS	306	83	8	76	91	2	1
1718	ALGECIRAS	306	83	2	597	85	2	4
1719	ALGECIRAS	306	83	9	607	92	2	4
1720	ALGECIRAS	306	83	0	623	83	2	4
1721	ALGECIRAS	306	83	7	633	90	2	4
1722	TANGER MED	307	85	6	438	91	2	3
1723	TANGER MED	307	85	13	445	98	2	3
1724	MONTREAL, QC	309	100	4	962	104	2	6
1725	MONTREAL, QC	309	100	11	967	111	2	6
1726	TANGER MED	310	119	0	466	119	2	3
1727	TANGER MED	310	119	7	473	126	2	3
1728	LIVORNO	313	126	4	177	130	2	1
1729	LIVORNO	313	126	11	187	137	2	1
1730	GENOA	314	85	4	118	89	2	1
1731	GENOA	314	85	11	128	96	2	1
1732	GENOA	314	85	2	467	87	2	3
1733	GENOA	314	85	9	474	94	2	3
1734	FOS SUR MER	315	87	5	119	92	2	1
1735	FOS SUR MER	315	87	12	129	99	2	1
1736	ALGECIRAS	316	90	1	76	91	2	1
1737	ALGECIRAS	316	90	8	86	98	2	1
1738	ALGECIRAS	316	90	2	607	92	2	4
1739	ALGECIRAS	316	90	9	617	99	2	4
1740	ALGECIRAS	316	90	0	633	90	2	4
1741	ALGECIRAS	316	90	7	643	97	2	4
1742	TANGER MED	317	92	6	445	98	2	3
1743	TANGER MED	317	92	13	452	105	2	3
1744	MONTREAL, QC	319	107	4	967	111	2	6
1745	MONTREAL, QC	319	107	11	972	118	2	6
1746	TANGER MED	320	126	0	473	126	2	3
1747	TANGER MED	320	126	7	480	133	2	3
1748	LIVORNO	323	133	4	187	137	2	1
1749	GENOA	324	92	4	128	96	2	1
1750	GENOA	324	92	11	138	103	2	1
1751	GENOA	324	92	2	474	94	2	3
1752	GENOA	324	92	9	481	101	2	3
1753	FOS SUR MER	325	94	5	129	99	2	1
1754	FOS SUR MER	325	94	12	139	106	2	1
1755	ALGECIRAS	326	97	1	86	98	2	1
1756	ALGECIRAS	326	97	8	96	105	2	1
1757	ALGECIRAS	326	97	2	617	99	2	4
1758	ALGECIRAS	326	97	9	627	106	2	4
1759	ALGECIRAS	326	97	0	643	97	2	4
1760	ALGECIRAS	326	97	7	653	104	2	4
1761	TANGER MED	327	99	6	452	105	2	3
1762	TANGER MED	327	99	13	459	112	2	3
1763	MONTREAL, QC	329	114	4	972	118	2	6
1764	MONTREAL, QC	329	114	11	977	125	2	6
1765	TANGER MED	330	133	0	480	133	2	3
1766	TANGER MED	330	133	7	487	140	2	3
1767	GENOA	334	99	4	138	103	2	1
1768	GENOA	334	99	11	148	110	2	1
1769	GENOA	334	99	2	481	101	2	3
1770	GENOA	334	99	9	488	108	2	3
1771	FOS SUR MER	335	101	5	139	106	2	1
1772	FOS SUR MER	335	101	12	149	113	2	1
1773	ALGECIRAS	336	104	1	96	105	2	1
1774	ALGECIRAS	336	104	8	106	112	2	1
1775	ALGECIRAS	336	104	2	627	106	2	4
1776	ALGECIRAS	336	104	9	637	113	2	4
1777	ALGECIRAS	336	104	0	653	104	2	4
1778	ALGECIRAS	336	104	7	663	111	2	4
1779	TANGER MED	337	106	6	459	112	2	3
1780	TANGER MED	337	106	13	466	119	2	3
1781	MONTREAL, QC	339	121	4	977	125	2	6
1782	MONTREAL, QC	339	121	11	982	132	2	6
1783	TANGER MED	340	140	0	487	140	2	3
1784	TANGER MED	340	140	7	494	147	2	3
1785	GENOA	344	106	4	148	110	2	1
1786	GENOA	344	106	11	158	117	2	1
1787	GENOA	344	106	2	488	108	2	3
1788	GENOA	344	106	9	495	115	2	3
1789	FOS SUR MER	345	108	5	149	113	2	1
1790	FOS SUR MER	345	108	12	159	120	2	1
1791	ALGECIRAS	346	111	1	106	112	2	1
1792	ALGECIRAS	346	111	8	116	119	2	1
1793	ALGECIRAS	346	111	2	637	113	2	4
1794	ALGECIRAS	346	111	9	647	120	2	4
1795	ALGECIRAS	346	111	0	663	111	2	4
1796	ALGECIRAS	346	111	7	673	118	2	4
1797	TANGER MED	347	113	6	466	119	2	3
1798	TANGER MED	347	113	13	473	126	2	3
1799	MONTREAL, QC	349	128	4	982	132	2	6
1800	MONTREAL, QC	349	128	11	987	139	2	6
1801	TANGER MED	350	147	0	494	147	2	3
1802	TANGER MED	350	147	7	501	154	2	3
1803	GENOA	354	113	4	158	117	2	1
1804	GENOA	354	113	11	168	124	2	1
1805	GENOA	354	113	2	495	115	2	3
1806	GENOA	354	113	9	502	122	2	3
1807	FOS SUR MER	355	115	5	159	120	2	1
1808	FOS SUR MER	355	115	12	169	127	2	1
1809	ALGECIRAS	356	118	1	116	119	2	1
1810	ALGECIRAS	356	118	8	126	126	2	1
1811	ALGECIRAS	356	118	2	647	120	2	4
1812	ALGECIRAS	356	118	9	657	127	2	4
1813	ALGECIRAS	356	118	0	673	118	2	4
1814	ALGECIRAS	356	118	7	683	125	2	4
1815	TANGER MED	357	120	6	473	126	2	3
1816	TANGER MED	357	120	13	480	133	2	3
1817	MONTREAL, QC	359	135	4	987	139	2	6
1818	MONTREAL, QC	359	135	11	992	146	2	6
1819	TANGER MED	360	154	0	501	154	2	3
1820	TANGER MED	360	154	7	508	161	2	3
1821	GENOA	364	120	4	168	124	2	1
1822	GENOA	364	120	11	178	131	2	1
1823	GENOA	364	120	2	502	122	2	3
1824	GENOA	364	120	9	509	129	2	3
1825	FOS SUR MER	365	122	5	169	127	2	1
1826	FOS SUR MER	365	122	12	179	134	2	1
1827	ALGECIRAS	366	125	1	126	126	2	1
1828	ALGECIRAS	366	125	8	136	133	2	1
1829	ALGECIRAS	366	125	2	657	127	2	4
1830	ALGECIRAS	366	125	9	667	134	2	4
1831	ALGECIRAS	366	125	0	683	125	2	4
1832	ALGECIRAS	366	125	7	693	132	2	4
1833	TANGER MED	367	127	6	480	133	2	3
1834	TANGER MED	367	127	13	487	140	2	3
1835	MONTREAL, QC	369	142	4	992	146	2	6
1836	MONTREAL, QC	369	142	11	997	153	2	6
1837	TANGER MED	370	161	0	508	161	2	3
1838	TANGER MED	370	161	7	515	168	2	3
1839	GENOA	374	127	4	178	131	2	1
1840	GENOA	374	127	11	188	138	2	1
1841	GENOA	374	127	2	509	129	2	3
1842	GENOA	374	127	9	516	136	2	3
1843	FOS SUR MER	375	129	5	179	134	2	1
1844	FOS SUR MER	375	129	12	189	141	2	1
1845	ALGECIRAS	376	132	1	136	133	2	1
1846	ALGECIRAS	376	132	8	146	140	2	1
1847	ALGECIRAS	376	132	2	667	134	2	4
1848	ALGECIRAS	376	132	9	677	141	2	4
1849	ALGECIRAS	376	132	0	693	132	2	4
1850	ALGECIRAS	376	132	7	703	139	2	4
1851	TANGER MED	377	134	6	487	140	2	3
1852	TANGER MED	377	134	13	494	147	2	3
1853	MONTREAL, QC	379	149	4	997	153	2	6
1854	MONTREAL, QC	379	149	11	1002	160	2	6
1855	TANGER MED	380	168	0	515	168	2	3
1856	TANGER MED	380	168	7	522	175	2	3
1857	TANGER MED	384	7	8	201	15	3	2
1858	GENOA	385	10	2	3	12	3	1
1859	GENOA	385	10	9	14	19	3	1
1860	GENOA	385	10	5	209	15	3	2
1861	GENOA	385	10	12	220	22	3	2
1862	VALENCIA	386	14	5	6	19	3	1
1863	VALENCIA	386	14	12	17	26	3	1
1864	MIAMI, FL	387	26	10	10	36	3	1
1865	TANGER MED	391	49	0	204	49	3	2
1866	TANGER MED	391	49	7	215	56	3	2
1867	TANGER MED	391	49	1	256	50	3	2
1868	TANGER MED	391	49	8	267	57	3	2
1869	TANGER MED	392	14	1	201	15	3	2
1870	TANGER MED	392	14	8	212	22	3	2
1871	GENOA	393	17	2	14	19	3	1
1872	GENOA	393	17	9	25	26	3	1
1873	GENOA	393	17	5	220	22	3	2
1874	GENOA	393	17	12	231	29	3	2
1875	VALENCIA	394	21	5	17	26	3	1
1876	VALENCIA	394	21	12	28	33	3	1
1877	MIAMI, FL	395	33	3	10	36	3	1
1878	MIAMI, FL	395	33	10	21	43	3	1
1879	TANGER MED	399	56	0	215	56	3	2
1880	TANGER MED	399	56	7	226	63	3	2
1881	TANGER MED	399	56	1	267	57	3	2
1882	TANGER MED	399	56	8	277	64	3	2
1883	TANGER MED	400	21	1	212	22	3	2
1884	TANGER MED	400	21	8	223	29	3	2
1885	GENOA	401	24	2	25	26	3	1
1886	GENOA	401	24	9	36	33	3	1
1887	GENOA	401	24	5	231	29	3	2
1888	GENOA	401	24	12	242	36	3	2
1889	VALENCIA	402	28	5	28	33	3	1
1890	VALENCIA	402	28	12	39	40	3	1
1891	MIAMI, FL	403	40	3	21	43	3	1
1892	MIAMI, FL	403	40	10	32	50	3	1
1893	TANGER MED	407	63	0	226	63	3	2
1894	TANGER MED	407	63	7	237	70	3	2
1895	TANGER MED	407	63	1	277	64	3	2
1896	TANGER MED	407	63	8	287	71	3	2
1897	TANGER MED	408	28	1	223	29	3	2
1898	TANGER MED	408	28	8	234	36	3	2
1899	GENOA	409	31	2	36	33	3	1
1900	GENOA	409	31	9	47	40	3	1
1901	GENOA	409	31	5	242	36	3	2
1902	GENOA	409	31	12	253	43	3	2
1903	VALENCIA	410	35	5	39	40	3	1
1904	VALENCIA	410	35	12	50	47	3	1
1905	MIAMI, FL	411	47	3	32	50	3	1
1906	MIAMI, FL	411	47	10	43	57	3	1
1907	TANGER MED	415	70	0	237	70	3	2
1908	TANGER MED	415	70	7	248	77	3	2
1909	TANGER MED	415	70	1	287	71	3	2
1910	TANGER MED	415	70	8	297	78	3	2
1911	TANGER MED	416	35	1	234	36	3	2
1912	TANGER MED	416	35	8	245	43	3	2
1913	GENOA	417	38	2	47	40	3	1
1914	GENOA	417	38	9	58	47	3	1
1915	GENOA	417	38	5	253	43	3	2
1916	GENOA	417	38	12	264	50	3	2
1917	VALENCIA	418	42	5	50	47	3	1
1918	VALENCIA	418	42	12	61	54	3	1
1919	MIAMI, FL	419	54	3	43	57	3	1
1920	MIAMI, FL	419	54	10	54	64	3	1
1921	TANGER MED	423	77	0	248	77	3	2
1922	TANGER MED	423	77	7	259	84	3	2
1923	TANGER MED	423	77	1	297	78	3	2
1924	TANGER MED	423	77	8	307	85	3	2
1925	TANGER MED	424	42	7	204	49	3	2
1926	TANGER MED	424	42	1	245	43	3	2
1927	TANGER MED	424	42	8	256	50	3	2
1928	GENOA	425	45	2	58	47	3	1
1929	GENOA	425	45	9	68	54	3	1
1930	GENOA	425	45	5	264	50	3	2
1931	GENOA	425	45	12	274	57	3	2
1932	VALENCIA	426	49	5	61	54	3	1
1933	VALENCIA	426	49	12	71	61	3	1
1934	MIAMI, FL	427	61	3	54	64	3	1
1935	MIAMI, FL	427	61	10	65	71	3	1
1936	TANGER MED	431	84	0	259	84	3	2
1937	TANGER MED	431	84	7	270	91	3	2
1938	TANGER MED	431	84	1	307	85	3	2
1939	TANGER MED	431	84	8	317	92	3	2
1940	GENOA	432	52	2	68	54	3	1
1941	GENOA	432	52	9	78	61	3	1
1942	GENOA	432	52	5	274	57	3	2
1943	GENOA	432	52	12	284	64	3	2
1944	VALENCIA	433	56	5	71	61	3	1
1945	VALENCIA	433	56	12	81	68	3	1
1946	MIAMI, FL	434	68	3	65	71	3	1
1947	MIAMI, FL	434	68	10	75	78	3	1
1948	TANGER MED	438	91	0	270	91	3	2
1949	TANGER MED	438	91	7	280	98	3	2
1950	TANGER MED	438	91	1	317	92	3	2
1951	TANGER MED	438	91	8	327	99	3	2
1952	GENOA	439	59	2	78	61	3	1
1953	GENOA	439	59	9	88	68	3	1
1954	GENOA	439	59	5	284	64	3	2
1955	GENOA	439	59	12	294	71	3	2
1956	VALENCIA	440	63	5	81	68	3	1
1957	VALENCIA	440	63	12	91	75	3	1
1958	MIAMI, FL	441	75	3	75	78	3	1
1959	MIAMI, FL	441	75	10	85	85	3	1
1960	TANGER MED	445	98	0	280	98	3	2
1961	TANGER MED	445	98	7	290	105	3	2
1962	TANGER MED	445	98	1	327	99	3	2
1963	TANGER MED	445	98	8	337	106	3	2
1964	GENOA	446	66	2	88	68	3	1
1965	GENOA	446	66	9	98	75	3	1
1966	GENOA	446	66	5	294	71	3	2
1967	GENOA	446	66	12	304	78	3	2
1968	VALENCIA	447	70	5	91	75	3	1
1969	VALENCIA	447	70	12	101	82	3	1
1970	MIAMI, FL	448	82	3	85	85	3	1
1971	MIAMI, FL	448	82	10	95	92	3	1
1972	TANGER MED	452	105	0	290	105	3	2
1973	TANGER MED	452	105	7	300	112	3	2
1974	TANGER MED	452	105	1	337	106	3	2
1975	TANGER MED	452	105	8	347	113	3	2
1976	GENOA	453	73	2	98	75	3	1
1977	GENOA	453	73	9	108	82	3	1
1978	GENOA	453	73	5	304	78	3	2
1979	GENOA	453	73	12	314	85	3	2
1980	VALENCIA	454	77	5	101	82	3	1
1981	VALENCIA	454	77	12	111	89	3	1
1982	MIAMI, FL	455	89	3	95	92	3	1
1983	MIAMI, FL	455	89	10	105	99	3	1
1984	TANGER MED	459	112	0	300	112	3	2
1985	TANGER MED	459	112	7	310	119	3	2
1986	TANGER MED	459	112	1	347	113	3	2
1987	TANGER MED	459	112	8	357	120	3	2
1988	GENOA	460	80	2	108	82	3	1
1989	GENOA	460	80	9	118	89	3	1
1990	GENOA	460	80	5	314	85	3	2
1991	GENOA	460	80	12	324	92	3	2
1992	VALENCIA	461	84	5	111	89	3	1
1993	VALENCIA	461	84	12	121	96	3	1
1994	MIAMI, FL	462	96	3	105	99	3	1
1995	MIAMI, FL	462	96	10	115	106	3	1
1996	TANGER MED	466	119	0	310	119	3	2
1997	TANGER MED	466	119	7	320	126	3	2
1998	TANGER MED	466	119	1	357	120	3	2
1999	TANGER MED	466	119	8	367	127	3	2
2000	GENOA	467	87	2	118	89	3	1
2001	GENOA	467	87	9	128	96	3	1
2002	GENOA	467	87	5	324	92	3	2
2003	GENOA	467	87	12	334	99	3	2
2004	VALENCIA	468	91	5	121	96	3	1
2005	VALENCIA	468	91	12	131	103	3	1
2006	MIAMI, FL	469	103	3	115	106	3	1
2007	MIAMI, FL	469	103	10	125	113	3	1
2008	TANGER MED	473	126	0	320	126	3	2
2009	TANGER MED	473	126	7	330	133	3	2
2010	TANGER MED	473	126	1	367	127	3	2
2011	TANGER MED	473	126	8	377	134	3	2
2012	GENOA	474	94	2	128	96	3	1
2013	GENOA	474	94	9	138	103	3	1
2014	GENOA	474	94	5	334	99	3	2
2015	GENOA	474	94	12	344	106	3	2
2016	VALENCIA	475	98	5	131	103	3	1
2017	VALENCIA	475	98	12	141	110	3	1
2018	MIAMI, FL	476	110	3	125	113	3	1
2019	MIAMI, FL	476	110	10	135	120	3	1
2020	TANGER MED	480	133	0	330	133	3	2
2021	TANGER MED	480	133	7	340	140	3	2
2022	TANGER MED	480	133	1	377	134	3	2
2023	GENOA	481	101	2	138	103	3	1
2024	GENOA	481	101	9	148	110	3	1
2025	GENOA	481	101	5	344	106	3	2
2026	GENOA	481	101	12	354	113	3	2
2027	VALENCIA	482	105	5	141	110	3	1
2028	VALENCIA	482	105	12	151	117	3	1
2029	MIAMI, FL	483	117	3	135	120	3	1
2030	MIAMI, FL	483	117	10	145	127	3	1
2031	TANGER MED	487	140	0	340	140	3	2
2032	TANGER MED	487	140	7	350	147	3	2
2033	GENOA	488	108	2	148	110	3	1
2034	GENOA	488	108	9	158	117	3	1
2035	GENOA	488	108	5	354	113	3	2
2036	GENOA	488	108	12	364	120	3	2
2037	VALENCIA	489	112	5	151	117	3	1
2038	VALENCIA	489	112	12	161	124	3	1
2039	MIAMI, FL	490	124	3	145	127	3	1
2040	MIAMI, FL	490	124	10	155	134	3	1
2041	TANGER MED	494	147	0	350	147	3	2
2042	TANGER MED	494	147	7	360	154	3	2
2043	GENOA	495	115	2	158	117	3	1
2044	GENOA	495	115	9	168	124	3	1
2045	GENOA	495	115	5	364	120	3	2
2046	GENOA	495	115	12	374	127	3	2
2047	VALENCIA	496	119	5	161	124	3	1
2048	VALENCIA	496	119	12	171	131	3	1
2049	MIAMI, FL	497	131	3	155	134	3	1
2050	MIAMI, FL	497	131	10	165	141	3	1
2051	TANGER MED	501	154	0	360	154	3	2
2052	TANGER MED	501	154	7	370	161	3	2
2053	GENOA	502	122	2	168	124	3	1
2054	GENOA	502	122	9	178	131	3	1
2055	GENOA	502	122	5	374	127	3	2
2056	VALENCIA	503	126	5	171	131	3	1
2057	VALENCIA	503	126	12	181	138	3	1
2058	MIAMI, FL	504	138	3	165	141	3	1
2059	MIAMI, FL	504	138	10	175	148	3	1
2060	TANGER MED	508	161	0	370	161	3	2
2061	TANGER MED	508	161	7	380	168	3	2
2062	GENOA	509	129	2	178	131	3	1
2063	GENOA	509	129	9	188	138	3	1
2064	VALENCIA	510	133	5	181	138	3	1
2065	VALENCIA	510	133	12	191	145	3	1
2066	MIAMI, FL	511	145	3	175	148	3	1
2067	MIAMI, FL	511	145	10	185	155	3	1
2068	TANGER MED	515	168	0	380	168	3	2
2069	GENOA	516	136	2	188	138	3	1
2070	VALENCIA	517	140	5	191	145	3	1
2071	MIAMI, FL	518	152	3	185	155	3	1
2072	MIAMI, FL	518	152	10	195	162	3	1
2073	ALGECIRAS	528	20	1	23	21	4	1
2074	ALGECIRAS	528	20	8	34	28	4	1
2075	ALGECIRAS	528	20	0	211	20	4	2
2076	ALGECIRAS	528	20	7	222	27	4	2
2077	NEW YORK, NY	529	29	0	7	29	4	1
2078	NEW YORK, NY	529	29	7	18	36	4	1
2079	NEW YORK, NY	529	29	4	734	33	4	5
2080	NEW YORK, NY	529	29	11	744	40	4	5
2081	NORFOLK, VA	530	31	0	8	31	4	1
2082	NORFOLK, VA	530	31	7	19	38	4	1
2083	NORFOLK, VA	530	31	6	735	37	4	5
2084	NORFOLK, VA	530	31	13	745	44	4	5
2085	SAVANNAH, GA	531	33	1	9	34	4	1
2086	SAVANNAH, GA	531	33	8	20	41	4	1
2087	SAVANNAH, GA	531	33	1	726	34	4	5
2088	SAVANNAH, GA	531	33	8	736	41	4	5
2089	ALGECIRAS	532	43	6	11	49	4	1
2090	ALGECIRAS	532	43	13	22	56	4	1
2091	ALGECIRAS	532	43	5	255	48	4	2
2092	ALGECIRAS	532	43	12	266	55	4	2
2093	ALGECIRAS	539	27	1	34	28	4	1
2094	ALGECIRAS	539	27	8	45	35	4	1
2095	ALGECIRAS	539	27	0	222	27	4	2
2096	ALGECIRAS	539	27	7	233	34	4	2
2097	NEW YORK, NY	540	36	0	18	36	4	1
2098	NEW YORK, NY	540	36	7	29	43	4	1
2099	NEW YORK, NY	540	36	4	744	40	4	5
2100	NEW YORK, NY	540	36	11	754	47	4	5
2101	NORFOLK, VA	541	38	0	19	38	4	1
2102	NORFOLK, VA	541	38	7	30	45	4	1
2103	NORFOLK, VA	541	38	6	745	44	4	5
2104	NORFOLK, VA	541	38	13	755	51	4	5
2105	SAVANNAH, GA	542	40	1	20	41	4	1
2106	SAVANNAH, GA	542	40	8	31	48	4	1
2107	SAVANNAH, GA	542	40	1	736	41	4	5
2108	SAVANNAH, GA	542	40	8	746	48	4	5
2109	ALGECIRAS	543	50	6	22	56	4	1
2110	ALGECIRAS	543	50	13	33	63	4	1
2111	ALGECIRAS	543	50	5	266	55	4	2
2112	ALGECIRAS	543	50	12	276	62	4	2
2113	ALGECIRAS	550	34	1	45	35	4	1
2114	ALGECIRAS	550	34	8	56	42	4	1
2115	ALGECIRAS	550	34	0	233	34	4	2
2116	ALGECIRAS	550	34	7	244	41	4	2
2117	NEW YORK, NY	551	43	0	29	43	4	1
2118	NEW YORK, NY	551	43	7	40	50	4	1
2119	NEW YORK, NY	551	43	4	754	47	4	5
2120	NEW YORK, NY	551	43	11	764	54	4	5
2121	NORFOLK, VA	552	45	0	30	45	4	1
2122	NORFOLK, VA	552	45	7	41	52	4	1
2123	NORFOLK, VA	552	45	6	755	51	4	5
2124	NORFOLK, VA	552	45	13	765	58	4	5
2125	SAVANNAH, GA	553	47	1	31	48	4	1
2126	SAVANNAH, GA	553	47	8	42	55	4	1
2127	SAVANNAH, GA	553	47	1	746	48	4	5
2128	SAVANNAH, GA	553	47	8	756	55	4	5
2129	ALGECIRAS	554	57	6	33	63	4	1
2130	ALGECIRAS	554	57	13	44	70	4	1
2131	ALGECIRAS	554	57	5	276	62	4	2
2132	ALGECIRAS	554	57	12	286	69	4	2
2133	ALGECIRAS	561	41	8	11	49	4	1
2134	ALGECIRAS	561	41	1	56	42	4	1
2135	ALGECIRAS	561	41	0	244	41	4	2
2136	ALGECIRAS	561	41	7	255	48	4	2
2137	NEW YORK, NY	562	50	0	40	50	4	1
2138	NEW YORK, NY	562	50	7	51	57	4	1
2139	NEW YORK, NY	562	50	4	764	54	4	5
2140	NEW YORK, NY	562	50	11	774	61	4	5
2141	NORFOLK, VA	563	52	0	41	52	4	1
2142	NORFOLK, VA	563	52	7	52	59	4	1
2143	NORFOLK, VA	563	52	6	765	58	4	5
2144	NORFOLK, VA	563	52	13	775	65	4	5
2145	SAVANNAH, GA	564	54	1	42	55	4	1
2146	SAVANNAH, GA	564	54	8	53	62	4	1
2147	SAVANNAH, GA	564	54	1	756	55	4	5
2148	SAVANNAH, GA	564	54	8	766	62	4	5
2149	ALGECIRAS	565	64	6	44	70	4	1
2150	ALGECIRAS	565	64	13	55	77	4	1
2151	ALGECIRAS	565	64	5	286	69	4	2
2152	ALGECIRAS	565	64	12	296	76	4	2
2153	ALGECIRAS	572	48	1	11	49	4	1
2154	ALGECIRAS	572	48	8	22	56	4	1
2155	ALGECIRAS	572	48	0	255	48	4	2
2156	ALGECIRAS	572	48	7	266	55	4	2
2157	NEW YORK, NY	573	57	0	51	57	4	1
2158	NEW YORK, NY	573	57	7	62	64	4	1
2159	NEW YORK, NY	573	57	4	774	61	4	5
2160	NEW YORK, NY	573	57	11	783	68	4	5
2161	NORFOLK, VA	574	59	0	52	59	4	1
2162	NORFOLK, VA	574	59	7	63	66	4	1
2163	NORFOLK, VA	574	59	6	775	65	4	5
2164	NORFOLK, VA	574	59	13	784	72	4	5
2165	SAVANNAH, GA	575	61	1	53	62	4	1
2166	SAVANNAH, GA	575	61	8	64	69	4	1
2167	SAVANNAH, GA	575	61	1	766	62	4	5
2168	SAVANNAH, GA	575	61	8	776	69	4	5
2169	ALGECIRAS	576	71	6	55	77	4	1
2170	ALGECIRAS	576	71	13	66	84	4	1
2171	ALGECIRAS	576	71	5	296	76	4	2
2172	ALGECIRAS	576	71	12	306	83	4	2
2173	ALGECIRAS	583	55	1	22	56	4	1
2174	ALGECIRAS	583	55	8	33	63	4	1
2175	ALGECIRAS	583	55	0	266	55	4	2
2176	ALGECIRAS	583	55	7	276	62	4	2
2177	NEW YORK, NY	584	64	0	62	64	4	1
2178	NEW YORK, NY	584	64	7	72	71	4	1
2179	NEW YORK, NY	584	64	4	783	68	4	5
2180	NEW YORK, NY	584	64	11	792	75	4	5
2181	NORFOLK, VA	585	66	0	63	66	4	1
2182	NORFOLK, VA	585	66	7	73	73	4	1
2183	NORFOLK, VA	585	66	6	784	72	4	5
2184	NORFOLK, VA	585	66	13	793	79	4	5
2185	SAVANNAH, GA	586	68	1	64	69	4	1
2186	SAVANNAH, GA	586	68	8	74	76	4	1
2187	SAVANNAH, GA	586	68	1	776	69	4	5
2188	SAVANNAH, GA	586	68	8	785	76	4	5
2189	ALGECIRAS	587	78	6	66	84	4	1
2190	ALGECIRAS	587	78	13	76	91	4	1
2191	ALGECIRAS	587	78	5	306	83	4	2
2192	ALGECIRAS	587	78	12	316	90	4	2
2193	ALGECIRAS	593	62	1	33	63	4	1
2194	ALGECIRAS	593	62	8	44	70	4	1
2195	ALGECIRAS	593	62	0	276	62	4	2
2196	ALGECIRAS	593	62	7	286	69	4	2
2197	NEW YORK, NY	594	71	0	72	71	4	1
2198	NEW YORK, NY	594	71	7	82	78	4	1
2199	NEW YORK, NY	594	71	4	792	75	4	5
2200	NEW YORK, NY	594	71	11	801	82	4	5
2201	NORFOLK, VA	595	73	0	73	73	4	1
2202	NORFOLK, VA	595	73	7	83	80	4	1
2203	NORFOLK, VA	595	73	6	793	79	4	5
2204	NORFOLK, VA	595	73	13	802	86	4	5
2205	SAVANNAH, GA	596	75	1	74	76	4	1
2206	SAVANNAH, GA	596	75	8	84	83	4	1
2207	SAVANNAH, GA	596	75	1	785	76	4	5
2208	SAVANNAH, GA	596	75	8	794	83	4	5
2209	ALGECIRAS	597	85	6	76	91	4	1
2210	ALGECIRAS	597	85	13	86	98	4	1
2211	ALGECIRAS	597	85	5	316	90	4	2
2212	ALGECIRAS	597	85	12	326	97	4	2
2213	ALGECIRAS	603	69	1	44	70	4	1
2214	ALGECIRAS	603	69	8	55	77	4	1
2215	ALGECIRAS	603	69	0	286	69	4	2
2216	ALGECIRAS	603	69	7	296	76	4	2
2217	NEW YORK, NY	604	78	0	82	78	4	1
2218	NEW YORK, NY	604	78	7	92	85	4	1
2219	NEW YORK, NY	604	78	4	801	82	4	5
2220	NEW YORK, NY	604	78	11	810	89	4	5
2221	NORFOLK, VA	605	80	0	83	80	4	1
2222	NORFOLK, VA	605	80	7	93	87	4	1
2223	NORFOLK, VA	605	80	6	802	86	4	5
2224	NORFOLK, VA	605	80	13	811	93	4	5
2225	SAVANNAH, GA	606	82	1	84	83	4	1
2226	SAVANNAH, GA	606	82	8	94	90	4	1
2227	SAVANNAH, GA	606	82	1	794	83	4	5
2228	SAVANNAH, GA	606	82	8	803	90	4	5
2229	ALGECIRAS	607	92	6	86	98	4	1
2230	ALGECIRAS	607	92	13	96	105	4	1
2231	ALGECIRAS	607	92	5	326	97	4	2
2232	ALGECIRAS	607	92	12	336	104	4	2
2233	ALGECIRAS	613	76	1	55	77	4	1
2234	ALGECIRAS	613	76	8	66	84	4	1
2235	ALGECIRAS	613	76	0	296	76	4	2
2236	ALGECIRAS	613	76	7	306	83	4	2
2237	NEW YORK, NY	614	85	0	92	85	4	1
2238	NEW YORK, NY	614	85	7	102	92	4	1
2239	NEW YORK, NY	614	85	4	810	89	4	5
2240	NEW YORK, NY	614	85	11	819	96	4	5
2241	NORFOLK, VA	615	87	0	93	87	4	1
2242	NORFOLK, VA	615	87	7	103	94	4	1
2243	NORFOLK, VA	615	87	6	811	93	4	5
2244	NORFOLK, VA	615	87	13	820	100	4	5
2245	SAVANNAH, GA	616	89	1	94	90	4	1
2246	SAVANNAH, GA	616	89	8	104	97	4	1
2247	SAVANNAH, GA	616	89	1	803	90	4	5
2248	SAVANNAH, GA	616	89	8	812	97	4	5
2249	ALGECIRAS	617	99	6	96	105	4	1
2250	ALGECIRAS	617	99	13	106	112	4	1
2251	ALGECIRAS	617	99	5	336	104	4	2
2252	ALGECIRAS	617	99	12	346	111	4	2
2253	ALGECIRAS	623	83	1	66	84	4	1
2254	ALGECIRAS	623	83	8	76	91	4	1
2255	ALGECIRAS	623	83	0	306	83	4	2
2256	ALGECIRAS	623	83	7	316	90	4	2
2257	NEW YORK, NY	624	92	0	102	92	4	1
2258	NEW YORK, NY	624	92	7	112	99	4	1
2259	NEW YORK, NY	624	92	4	819	96	4	5
2260	NEW YORK, NY	624	92	11	828	103	4	5
2261	NORFOLK, VA	625	94	0	103	94	4	1
2262	NORFOLK, VA	625	94	7	113	101	4	1
2263	NORFOLK, VA	625	94	6	820	100	4	5
2264	NORFOLK, VA	625	94	13	829	107	4	5
2265	SAVANNAH, GA	626	96	1	104	97	4	1
2266	SAVANNAH, GA	626	96	8	114	104	4	1
2267	SAVANNAH, GA	626	96	1	812	97	4	5
2268	SAVANNAH, GA	626	96	8	821	104	4	5
2269	ALGECIRAS	627	106	6	106	112	4	1
2270	ALGECIRAS	627	106	13	116	119	4	1
2271	ALGECIRAS	627	106	5	346	111	4	2
2272	ALGECIRAS	627	106	12	356	118	4	2
2273	ALGECIRAS	633	90	1	76	91	4	1
2274	ALGECIRAS	633	90	8	86	98	4	1
2275	ALGECIRAS	633	90	0	316	90	4	2
2276	ALGECIRAS	633	90	7	326	97	4	2
2277	NEW YORK, NY	634	99	0	112	99	4	1
2278	NEW YORK, NY	634	99	7	122	106	4	1
2279	NEW YORK, NY	634	99	4	828	103	4	5
2280	NEW YORK, NY	634	99	11	837	110	4	5
2281	NORFOLK, VA	635	101	0	113	101	4	1
2282	NORFOLK, VA	635	101	7	123	108	4	1
2283	NORFOLK, VA	635	101	6	829	107	4	5
2284	NORFOLK, VA	635	101	13	838	114	4	5
2285	SAVANNAH, GA	636	103	1	114	104	4	1
2286	SAVANNAH, GA	636	103	8	124	111	4	1
2287	SAVANNAH, GA	636	103	1	821	104	4	5
2288	SAVANNAH, GA	636	103	8	830	111	4	5
2289	ALGECIRAS	637	113	6	116	119	4	1
2290	ALGECIRAS	637	113	13	126	126	4	1
2291	ALGECIRAS	637	113	5	356	118	4	2
2292	ALGECIRAS	637	113	12	366	125	4	2
2293	ALGECIRAS	643	97	1	86	98	4	1
2294	ALGECIRAS	643	97	8	96	105	4	1
2295	ALGECIRAS	643	97	0	326	97	4	2
2296	ALGECIRAS	643	97	7	336	104	4	2
2297	NEW YORK, NY	644	106	0	122	106	4	1
2298	NEW YORK, NY	644	106	7	132	113	4	1
2299	NEW YORK, NY	644	106	4	837	110	4	5
2300	NEW YORK, NY	644	106	11	846	117	4	5
2301	NORFOLK, VA	645	108	0	123	108	4	1
2302	NORFOLK, VA	645	108	7	133	115	4	1
2303	NORFOLK, VA	645	108	6	838	114	4	5
2304	NORFOLK, VA	645	108	13	847	121	4	5
2305	SAVANNAH, GA	646	110	1	124	111	4	1
2306	SAVANNAH, GA	646	110	8	134	118	4	1
2307	SAVANNAH, GA	646	110	1	830	111	4	5
2308	SAVANNAH, GA	646	110	8	839	118	4	5
2309	ALGECIRAS	647	120	6	126	126	4	1
2310	ALGECIRAS	647	120	13	136	133	4	1
2311	ALGECIRAS	647	120	5	366	125	4	2
2312	ALGECIRAS	647	120	12	376	132	4	2
2313	ALGECIRAS	653	104	1	96	105	4	1
2314	ALGECIRAS	653	104	8	106	112	4	1
2315	ALGECIRAS	653	104	0	336	104	4	2
2316	ALGECIRAS	653	104	7	346	111	4	2
2317	NEW YORK, NY	654	113	0	132	113	4	1
2318	NEW YORK, NY	654	113	7	142	120	4	1
2319	NEW YORK, NY	654	113	4	846	117	4	5
2320	NEW YORK, NY	654	113	11	855	124	4	5
2321	NORFOLK, VA	655	115	0	133	115	4	1
2322	NORFOLK, VA	655	115	7	143	122	4	1
2323	NORFOLK, VA	655	115	6	847	121	4	5
2324	NORFOLK, VA	655	115	13	856	128	4	5
2325	SAVANNAH, GA	656	117	1	134	118	4	1
2326	SAVANNAH, GA	656	117	8	144	125	4	1
2327	SAVANNAH, GA	656	117	1	839	118	4	5
2328	SAVANNAH, GA	656	117	8	848	125	4	5
2329	ALGECIRAS	657	127	6	136	133	4	1
2330	ALGECIRAS	657	127	13	146	140	4	1
2331	ALGECIRAS	657	127	5	376	132	4	2
2332	ALGECIRAS	663	111	1	106	112	4	1
2333	ALGECIRAS	663	111	8	116	119	4	1
2334	ALGECIRAS	663	111	0	346	111	4	2
2335	ALGECIRAS	663	111	7	356	118	4	2
2336	NEW YORK, NY	664	120	0	142	120	4	1
2337	NEW YORK, NY	664	120	7	152	127	4	1
2338	NEW YORK, NY	664	120	4	855	124	4	5
2339	NEW YORK, NY	664	120	11	864	131	4	5
2340	NORFOLK, VA	665	122	0	143	122	4	1
2341	NORFOLK, VA	665	122	7	153	129	4	1
2342	NORFOLK, VA	665	122	6	856	128	4	5
2343	NORFOLK, VA	665	122	13	865	135	4	5
2344	SAVANNAH, GA	666	124	1	144	125	4	1
2345	SAVANNAH, GA	666	124	8	154	132	4	1
2346	SAVANNAH, GA	666	124	1	848	125	4	5
2347	SAVANNAH, GA	666	124	8	857	132	4	5
2348	ALGECIRAS	667	134	6	146	140	4	1
2349	ALGECIRAS	667	134	13	156	147	4	1
2350	ALGECIRAS	673	118	1	116	119	4	1
2351	ALGECIRAS	673	118	8	126	126	4	1
2352	ALGECIRAS	673	118	0	356	118	4	2
2353	ALGECIRAS	673	118	7	366	125	4	2
2354	NEW YORK, NY	674	127	0	152	127	4	1
2355	NEW YORK, NY	674	127	7	162	134	4	1
2356	NEW YORK, NY	674	127	4	864	131	4	5
2357	NEW YORK, NY	674	127	11	873	138	4	5
2358	NORFOLK, VA	675	129	0	153	129	4	1
2359	NORFOLK, VA	675	129	7	163	136	4	1
2360	NORFOLK, VA	675	129	6	865	135	4	5
2361	NORFOLK, VA	675	129	13	874	142	4	5
2362	SAVANNAH, GA	676	131	1	154	132	4	1
2363	SAVANNAH, GA	676	131	8	164	139	4	1
2364	SAVANNAH, GA	676	131	1	857	132	4	5
2365	SAVANNAH, GA	676	131	8	866	139	4	5
2366	ALGECIRAS	677	141	6	156	147	4	1
2367	ALGECIRAS	677	141	13	166	154	4	1
2368	ALGECIRAS	683	125	1	126	126	4	1
2369	ALGECIRAS	683	125	8	136	133	4	1
2370	ALGECIRAS	683	125	0	366	125	4	2
2371	ALGECIRAS	683	125	7	376	132	4	2
2372	NEW YORK, NY	684	134	0	162	134	4	1
2373	NEW YORK, NY	684	134	7	172	141	4	1
2374	NEW YORK, NY	684	134	4	873	138	4	5
2375	NEW YORK, NY	684	134	11	882	145	4	5
2376	NORFOLK, VA	685	136	0	163	136	4	1
2377	NORFOLK, VA	685	136	7	173	143	4	1
2378	NORFOLK, VA	685	136	6	874	142	4	5
2379	NORFOLK, VA	685	136	13	883	149	4	5
2380	SAVANNAH, GA	686	138	1	164	139	4	1
2381	SAVANNAH, GA	686	138	8	174	146	4	1
2382	SAVANNAH, GA	686	138	1	866	139	4	5
2383	SAVANNAH, GA	686	138	8	875	146	4	5
2384	ALGECIRAS	687	148	6	166	154	4	1
2385	ALGECIRAS	687	148	13	176	161	4	1
2386	ALGECIRAS	693	132	1	136	133	4	1
2387	ALGECIRAS	693	132	8	146	140	4	1
2388	ALGECIRAS	693	132	0	376	132	4	2
2389	NEW YORK, NY	694	141	0	172	141	4	1
2390	NEW YORK, NY	694	141	7	182	148	4	1
2391	NEW YORK, NY	694	141	4	882	145	4	5
2392	NEW YORK, NY	694	141	11	891	152	4	5
2393	NORFOLK, VA	695	143	0	173	143	4	1
2394	NORFOLK, VA	695	143	7	183	150	4	1
2395	NORFOLK, VA	695	143	6	883	149	4	5
2396	NORFOLK, VA	695	143	13	892	156	4	5
2397	SAVANNAH, GA	696	145	1	174	146	4	1
2398	SAVANNAH, GA	696	145	8	184	153	4	1
2399	SAVANNAH, GA	696	145	1	875	146	4	5
2400	SAVANNAH, GA	696	145	8	884	153	4	5
2401	ALGECIRAS	697	155	6	176	161	4	1
2402	ALGECIRAS	697	155	13	186	168	4	1
2403	ALGECIRAS	703	139	1	146	140	4	1
2404	ALGECIRAS	703	139	8	156	147	4	1
2405	NEW YORK, NY	704	148	0	182	148	4	1
2406	NEW YORK, NY	704	148	7	192	155	4	1
2407	NEW YORK, NY	704	148	4	891	152	4	5
2408	NORFOLK, VA	705	150	0	183	150	4	1
2409	NORFOLK, VA	705	150	7	193	157	4	1
2410	NORFOLK, VA	705	150	6	892	156	4	5
2411	SAVANNAH, GA	706	152	1	184	153	4	1
2412	SAVANNAH, GA	706	152	8	194	160	4	1
2413	SAVANNAH, GA	706	152	1	884	153	4	5
2414	SAVANNAH, GA	706	152	8	893	160	4	5
2415	ALGECIRAS	707	162	6	186	168	4	1
2416	ALGECIRAS	707	162	13	196	175	4	1
2417	ALGECIRAS	713	146	1	156	147	4	1
2418	ALGECIRAS	713	146	8	166	154	4	1
2419	NEW YORK, NY	714	155	0	192	155	4	1
2420	NORFOLK, VA	715	157	0	193	157	4	1
2421	SAVANNAH, GA	716	159	1	194	160	4	1
2422	SAVANNAH, GA	716	159	1	893	160	4	5
2423	ALGECIRAS	717	169	6	196	175	4	1
2424	ANTWERP	720	9	1	898	10	5	6
2425	ANTWERP	720	9	8	904	17	5	6
2426	ROTTERDAM	721	11	5	903	16	5	6
2427	ROTTERDAM	721	11	12	909	23	5	6
2428	BREMERHAVEN	722	13	1	902	14	5	6
2429	BREMERHAVEN	722	13	8	908	21	5	6
2430	NEW YORK, NY	724	26	3	7	29	5	1
2431	NEW YORK, NY	724	26	10	18	36	5	1
2432	NEW YORK, NY	724	26	3	529	29	5	4
2433	NEW YORK, NY	724	26	10	540	36	5	4
2434	NORFOLK, VA	725	30	1	8	31	5	1
2435	NORFOLK, VA	725	30	8	19	38	5	1
2436	NORFOLK, VA	725	30	1	530	31	5	4
2437	NORFOLK, VA	725	30	8	541	38	5	4
2438	SAVANNAH, GA	726	34	0	9	34	5	1
2439	SAVANNAH, GA	726	34	7	20	41	5	1
2440	SAVANNAH, GA	726	34	6	542	40	5	4
2441	SAVANNAH, GA	726	34	13	553	47	5	4
2442	ANTWERP	730	16	1	904	17	5	6
2443	ANTWERP	730	16	8	910	24	5	6
2444	ROTTERDAM	731	18	5	909	23	5	6
2445	ROTTERDAM	731	18	12	915	30	5	6
2446	BREMERHAVEN	732	20	1	908	21	5	6
2447	BREMERHAVEN	732	20	8	914	28	5	6
2448	NEW YORK, NY	734	33	3	18	36	5	1
2449	NEW YORK, NY	734	33	10	29	43	5	1
2450	NEW YORK, NY	734	33	3	540	36	5	4
2451	NEW YORK, NY	734	33	10	551	43	5	4
2452	NORFOLK, VA	735	37	1	19	38	5	1
2453	NORFOLK, VA	735	37	8	30	45	5	1
2454	NORFOLK, VA	735	37	1	541	38	5	4
2455	NORFOLK, VA	735	37	8	552	45	5	4
2456	SAVANNAH, GA	736	41	0	20	41	5	1
2457	SAVANNAH, GA	736	41	7	31	48	5	1
2458	SAVANNAH, GA	736	41	6	553	47	5	4
2459	SAVANNAH, GA	736	41	13	564	54	5	4
2460	ANTWERP	740	23	1	910	24	5	6
2461	ANTWERP	740	23	8	916	31	5	6
2462	ROTTERDAM	741	25	5	915	30	5	6
2463	ROTTERDAM	741	25	12	920	37	5	6
2464	BREMERHAVEN	742	27	8	901	35	5	6
2465	BREMERHAVEN	742	27	1	914	28	5	6
2466	NEW YORK, NY	744	40	3	29	43	5	1
2467	NEW YORK, NY	744	40	10	40	50	5	1
2468	NEW YORK, NY	744	40	3	551	43	5	4
2469	NEW YORK, NY	744	40	10	562	50	5	4
2470	NORFOLK, VA	745	44	1	30	45	5	1
2471	NORFOLK, VA	745	44	8	41	52	5	1
2472	NORFOLK, VA	745	44	1	552	45	5	4
2473	NORFOLK, VA	745	44	8	563	52	5	4
2474	SAVANNAH, GA	746	48	0	31	48	5	1
2475	SAVANNAH, GA	746	48	7	42	55	5	1
2476	SAVANNAH, GA	746	48	6	564	54	5	4
2477	SAVANNAH, GA	746	48	13	575	61	5	4
2478	ANTWERP	750	30	1	916	31	5	6
2479	ANTWERP	750	30	8	921	38	5	6
2480	ROTTERDAM	751	32	5	920	37	5	6
2481	ROTTERDAM	751	32	12	925	44	5	6
2482	BREMERHAVEN	752	34	1	901	35	5	6
2483	BREMERHAVEN	752	34	8	907	42	5	6
2484	NEW YORK, NY	754	47	3	40	50	5	1
2485	NEW YORK, NY	754	47	10	51	57	5	1
2486	NEW YORK, NY	754	47	3	562	50	5	4
2487	NEW YORK, NY	754	47	10	573	57	5	4
2488	NORFOLK, VA	755	51	1	41	52	5	1
2489	NORFOLK, VA	755	51	8	52	59	5	1
2490	NORFOLK, VA	755	51	1	563	52	5	4
2491	NORFOLK, VA	755	51	8	574	59	5	4
2492	SAVANNAH, GA	756	55	0	42	55	5	1
2493	SAVANNAH, GA	756	55	7	53	62	5	1
2494	SAVANNAH, GA	756	55	6	575	61	5	4
2495	SAVANNAH, GA	756	55	13	586	68	5	4
2496	ANTWERP	760	37	1	921	38	5	6
2497	ANTWERP	760	37	8	926	45	5	6
2498	ROTTERDAM	761	39	5	925	44	5	6
2499	ROTTERDAM	761	39	12	930	51	5	6
2500	BREMERHAVEN	762	41	1	907	42	5	6
2501	BREMERHAVEN	762	41	8	913	49	5	6
2502	NEW YORK, NY	764	54	3	51	57	5	1
2503	NEW YORK, NY	764	54	10	62	64	5	1
2504	NEW YORK, NY	764	54	3	573	57	5	4
2505	NEW YORK, NY	764	54	10	584	64	5	4
2506	NORFOLK, VA	765	58	1	52	59	5	1
2507	NORFOLK, VA	765	58	8	63	66	5	1
2508	NORFOLK, VA	765	58	1	574	59	5	4
2509	NORFOLK, VA	765	58	8	585	66	5	4
2510	SAVANNAH, GA	766	62	0	53	62	5	1
2511	SAVANNAH, GA	766	62	7	64	69	5	1
2512	SAVANNAH, GA	766	62	6	586	68	5	4
2513	SAVANNAH, GA	766	62	13	596	75	5	4
2514	ANTWERP	770	44	1	926	45	5	6
2515	ANTWERP	770	44	8	931	52	5	6
2516	ROTTERDAM	771	46	5	930	51	5	6
2517	ROTTERDAM	771	46	12	935	58	5	6
2518	BREMERHAVEN	772	48	1	913	49	5	6
2519	BREMERHAVEN	772	48	8	919	56	5	6
2520	NEW YORK, NY	774	61	3	62	64	5	1
2521	NEW YORK, NY	774	61	10	72	71	5	1
2522	NEW YORK, NY	774	61	3	584	64	5	4
2523	NEW YORK, NY	774	61	10	594	71	5	4
2524	NORFOLK, VA	775	65	1	63	66	5	1
2525	NORFOLK, VA	775	65	8	73	73	5	1
2526	NORFOLK, VA	775	65	1	585	66	5	4
2527	NORFOLK, VA	775	65	8	595	73	5	4
2528	SAVANNAH, GA	776	69	0	64	69	5	1
2529	SAVANNAH, GA	776	69	7	74	76	5	1
2530	SAVANNAH, GA	776	69	6	596	75	5	4
2531	SAVANNAH, GA	776	69	13	606	82	5	4
2532	ANTWERP	779	51	1	931	52	5	6
2533	ANTWERP	779	51	8	936	59	5	6
2534	ROTTERDAM	780	53	5	935	58	5	6
2535	ROTTERDAM	780	53	12	940	65	5	6
2536	BREMERHAVEN	781	55	1	919	56	5	6
2537	BREMERHAVEN	781	55	8	924	63	5	6
2538	NEW YORK, NY	783	68	3	72	71	5	1
2539	NEW YORK, NY	783	68	10	82	78	5	1
2540	NEW YORK, NY	783	68	3	594	71	5	4
2541	NEW YORK, NY	783	68	10	604	78	5	4
2542	NORFOLK, VA	784	72	1	73	73	5	1
2543	NORFOLK, VA	784	72	8	83	80	5	1
2544	NORFOLK, VA	784	72	1	595	73	5	4
2545	NORFOLK, VA	784	72	8	605	80	5	4
2546	SAVANNAH, GA	785	76	0	74	76	5	1
2547	SAVANNAH, GA	785	76	7	84	83	5	1
2548	SAVANNAH, GA	785	76	6	606	82	5	4
2549	SAVANNAH, GA	785	76	13	616	89	5	4
2550	ANTWERP	788	58	1	936	59	5	6
2551	ANTWERP	788	58	8	941	66	5	6
2552	ROTTERDAM	789	60	5	940	65	5	6
2553	ROTTERDAM	789	60	12	945	72	5	6
2554	BREMERHAVEN	790	62	1	924	63	5	6
2555	BREMERHAVEN	790	62	8	929	70	5	6
2556	NEW YORK, NY	792	75	3	82	78	5	1
2557	NEW YORK, NY	792	75	10	92	85	5	1
2558	NEW YORK, NY	792	75	3	604	78	5	4
2559	NEW YORK, NY	792	75	10	614	85	5	4
2560	NORFOLK, VA	793	79	1	83	80	5	1
2561	NORFOLK, VA	793	79	8	93	87	5	1
2562	NORFOLK, VA	793	79	1	605	80	5	4
2563	NORFOLK, VA	793	79	8	615	87	5	4
2564	SAVANNAH, GA	794	83	0	84	83	5	1
2565	SAVANNAH, GA	794	83	7	94	90	5	1
2566	SAVANNAH, GA	794	83	6	616	89	5	4
2567	SAVANNAH, GA	794	83	13	626	96	5	4
2568	ANTWERP	797	65	1	941	66	5	6
2569	ANTWERP	797	65	8	946	73	5	6
2570	ROTTERDAM	798	67	5	945	72	5	6
2571	ROTTERDAM	798	67	12	950	79	5	6
2572	BREMERHAVEN	799	69	1	929	70	5	6
2573	BREMERHAVEN	799	69	8	934	77	5	6
2574	NEW YORK, NY	801	82	3	92	85	5	1
2575	NEW YORK, NY	801	82	10	102	92	5	1
2576	NEW YORK, NY	801	82	3	614	85	5	4
2577	NEW YORK, NY	801	82	10	624	92	5	4
2578	NORFOLK, VA	802	86	1	93	87	5	1
2579	NORFOLK, VA	802	86	8	103	94	5	1
2580	NORFOLK, VA	802	86	1	615	87	5	4
2581	NORFOLK, VA	802	86	8	625	94	5	4
2582	SAVANNAH, GA	803	90	0	94	90	5	1
2583	SAVANNAH, GA	803	90	7	104	97	5	1
2584	SAVANNAH, GA	803	90	6	626	96	5	4
2585	SAVANNAH, GA	803	90	13	636	103	5	4
2586	ANTWERP	806	72	1	946	73	5	6
2587	ANTWERP	806	72	8	951	80	5	6
2588	ROTTERDAM	807	74	5	950	79	5	6
2589	ROTTERDAM	807	74	12	955	86	5	6
2590	BREMERHAVEN	808	76	1	934	77	5	6
2591	BREMERHAVEN	808	76	8	939	84	5	6
2592	NEW YORK, NY	810	89	3	102	92	5	1
2593	NEW YORK, NY	810	89	10	112	99	5	1
2594	NEW YORK, NY	810	89	3	624	92	5	4
2595	NEW YORK, NY	810	89	10	634	99	5	4
2596	NORFOLK, VA	811	93	1	103	94	5	1
2597	NORFOLK, VA	811	93	8	113	101	5	1
2598	NORFOLK, VA	811	93	1	625	94	5	4
2599	NORFOLK, VA	811	93	8	635	101	5	4
2600	SAVANNAH, GA	812	97	0	104	97	5	1
2601	SAVANNAH, GA	812	97	7	114	104	5	1
2602	SAVANNAH, GA	812	97	6	636	103	5	4
2603	SAVANNAH, GA	812	97	13	646	110	5	4
2604	ANTWERP	815	79	1	951	80	5	6
2605	ANTWERP	815	79	8	956	87	5	6
2606	ROTTERDAM	816	81	5	955	86	5	6
2607	ROTTERDAM	816	81	12	960	93	5	6
2608	BREMERHAVEN	817	83	1	939	84	5	6
2609	BREMERHAVEN	817	83	8	944	91	5	6
2610	NEW YORK, NY	819	96	3	112	99	5	1
2611	NEW YORK, NY	819	96	10	122	106	5	1
2612	NEW YORK, NY	819	96	3	634	99	5	4
2613	NEW YORK, NY	819	96	10	644	106	5	4
2614	NORFOLK, VA	820	100	1	113	101	5	1
2615	NORFOLK, VA	820	100	8	123	108	5	1
2616	NORFOLK, VA	820	100	1	635	101	5	4
2617	NORFOLK, VA	820	100	8	645	108	5	4
2618	SAVANNAH, GA	821	104	0	114	104	5	1
2619	SAVANNAH, GA	821	104	7	124	111	5	1
2620	SAVANNAH, GA	821	104	6	646	110	5	4
2621	SAVANNAH, GA	821	104	13	656	117	5	4
2622	ANTWERP	824	86	1	956	87	5	6
2623	ANTWERP	824	86	8	961	94	5	6
2624	ROTTERDAM	825	88	5	960	93	5	6
2625	ROTTERDAM	825	88	12	965	100	5	6
2626	BREMERHAVEN	826	90	1	944	91	5	6
2627	BREMERHAVEN	826	90	8	949	98	5	6
2628	NEW YORK, NY	828	103	3	122	106	5	1
2629	NEW YORK, NY	828	103	10	132	113	5	1
2630	NEW YORK, NY	828	103	3	644	106	5	4
2631	NEW YORK, NY	828	103	10	654	113	5	4
2632	NORFOLK, VA	829	107	1	123	108	5	1
2633	NORFOLK, VA	829	107	8	133	115	5	1
2634	NORFOLK, VA	829	107	1	645	108	5	4
2635	NORFOLK, VA	829	107	8	655	115	5	4
2636	SAVANNAH, GA	830	111	0	124	111	5	1
2637	SAVANNAH, GA	830	111	7	134	118	5	1
2638	SAVANNAH, GA	830	111	6	656	117	5	4
2639	SAVANNAH, GA	830	111	13	666	124	5	4
2640	ANTWERP	833	93	1	961	94	5	6
2641	ANTWERP	833	93	8	966	101	5	6
2642	ROTTERDAM	834	95	5	965	100	5	6
2643	ROTTERDAM	834	95	12	970	107	5	6
2644	BREMERHAVEN	835	97	1	949	98	5	6
2645	BREMERHAVEN	835	97	8	954	105	5	6
2646	NEW YORK, NY	837	110	3	132	113	5	1
2647	NEW YORK, NY	837	110	10	142	120	5	1
2648	NEW YORK, NY	837	110	3	654	113	5	4
2649	NEW YORK, NY	837	110	10	664	120	5	4
2650	NORFOLK, VA	838	114	1	133	115	5	1
2651	NORFOLK, VA	838	114	8	143	122	5	1
2652	NORFOLK, VA	838	114	1	655	115	5	4
2653	NORFOLK, VA	838	114	8	665	122	5	4
2654	SAVANNAH, GA	839	118	0	134	118	5	1
2655	SAVANNAH, GA	839	118	7	144	125	5	1
2656	SAVANNAH, GA	839	118	6	666	124	5	4
2657	SAVANNAH, GA	839	118	13	676	131	5	4
2658	ANTWERP	842	100	1	966	101	5	6
2659	ANTWERP	842	100	8	971	108	5	6
2660	ROTTERDAM	843	102	5	970	107	5	6
2661	ROTTERDAM	843	102	12	975	114	5	6
2662	BREMERHAVEN	844	104	1	954	105	5	6
2663	BREMERHAVEN	844	104	8	959	112	5	6
2664	NEW YORK, NY	846	117	3	142	120	5	1
2665	NEW YORK, NY	846	117	10	152	127	5	1
2666	NEW YORK, NY	846	117	3	664	120	5	4
2667	NEW YORK, NY	846	117	10	674	127	5	4
2668	NORFOLK, VA	847	121	1	143	122	5	1
2669	NORFOLK, VA	847	121	8	153	129	5	1
2670	NORFOLK, VA	847	121	1	665	122	5	4
2671	NORFOLK, VA	847	121	8	675	129	5	4
2672	SAVANNAH, GA	848	125	0	144	125	5	1
2673	SAVANNAH, GA	848	125	7	154	132	5	1
2674	SAVANNAH, GA	848	125	6	676	131	5	4
2675	SAVANNAH, GA	848	125	13	686	138	5	4
2676	ANTWERP	851	107	1	971	108	5	6
2677	ANTWERP	851	107	8	976	115	5	6
2678	ROTTERDAM	852	109	5	975	114	5	6
2679	ROTTERDAM	852	109	12	980	121	5	6
2680	BREMERHAVEN	853	111	1	959	112	5	6
2681	BREMERHAVEN	853	111	8	964	119	5	6
2682	NEW YORK, NY	855	124	3	152	127	5	1
2683	NEW YORK, NY	855	124	10	162	134	5	1
2684	NEW YORK, NY	855	124	3	674	127	5	4
2685	NEW YORK, NY	855	124	10	684	134	5	4
2686	NORFOLK, VA	856	128	1	153	129	5	1
2687	NORFOLK, VA	856	128	8	163	136	5	1
2688	NORFOLK, VA	856	128	1	675	129	5	4
2689	NORFOLK, VA	856	128	8	685	136	5	4
2690	SAVANNAH, GA	857	132	0	154	132	5	1
2691	SAVANNAH, GA	857	132	7	164	139	5	1
2692	SAVANNAH, GA	857	132	6	686	138	5	4
2693	SAVANNAH, GA	857	132	13	696	145	5	4
2694	ANTWERP	860	114	1	976	115	5	6
2695	ANTWERP	860	114	8	981	122	5	6
2696	ROTTERDAM	861	116	5	980	121	5	6
2697	ROTTERDAM	861	116	12	985	128	5	6
2698	BREMERHAVEN	862	118	1	964	119	5	6
2699	BREMERHAVEN	862	118	8	969	126	5	6
2700	NEW YORK, NY	864	131	3	162	134	5	1
2701	NEW YORK, NY	864	131	10	172	141	5	1
2702	NEW YORK, NY	864	131	3	684	134	5	4
2703	NEW YORK, NY	864	131	10	694	141	5	4
2704	NORFOLK, VA	865	135	1	163	136	5	1
2705	NORFOLK, VA	865	135	8	173	143	5	1
2706	NORFOLK, VA	865	135	1	685	136	5	4
2707	NORFOLK, VA	865	135	8	695	143	5	4
2708	SAVANNAH, GA	866	139	0	164	139	5	1
2709	SAVANNAH, GA	866	139	7	174	146	5	1
2710	SAVANNAH, GA	866	139	6	696	145	5	4
2711	SAVANNAH, GA	866	139	13	706	152	5	4
2712	ANTWERP	869	121	1	981	122	5	6
2713	ANTWERP	869	121	8	986	129	5	6
2714	ROTTERDAM	870	123	5	985	128	5	6
2715	ROTTERDAM	870	123	12	990	135	5	6
2716	BREMERHAVEN	871	125	1	969	126	5	6
2717	BREMERHAVEN	871	125	8	974	133	5	6
2718	NEW YORK, NY	873	138	3	172	141	5	1
2719	NEW YORK, NY	873	138	10	182	148	5	1
2720	NEW YORK, NY	873	138	3	694	141	5	4
2721	NEW YORK, NY	873	138	10	704	148	5	4
2722	NORFOLK, VA	874	142	1	173	143	5	1
2723	NORFOLK, VA	874	142	8	183	150	5	1
2724	NORFOLK, VA	874	142	1	695	143	5	4
2725	NORFOLK, VA	874	142	8	705	150	5	4
2726	SAVANNAH, GA	875	146	0	174	146	5	1
2727	SAVANNAH, GA	875	146	7	184	153	5	1
2728	SAVANNAH, GA	875	146	6	706	152	5	4
2729	SAVANNAH, GA	875	146	13	716	159	5	4
2730	ANTWERP	878	128	1	986	129	5	6
2731	ANTWERP	878	128	8	991	136	5	6
2732	ROTTERDAM	879	130	5	990	135	5	6
2733	ROTTERDAM	879	130	12	995	142	5	6
2734	BREMERHAVEN	880	132	1	974	133	5	6
2735	BREMERHAVEN	880	132	8	979	140	5	6
2736	NEW YORK, NY	882	145	3	182	148	5	1
2737	NEW YORK, NY	882	145	10	192	155	5	1
2738	NEW YORK, NY	882	145	3	704	148	5	4
2739	NEW YORK, NY	882	145	10	714	155	5	4
2740	NORFOLK, VA	883	149	1	183	150	5	1
2741	NORFOLK, VA	883	149	8	193	157	5	1
2742	NORFOLK, VA	883	149	1	705	150	5	4
2743	NORFOLK, VA	883	149	8	715	157	5	4
2744	SAVANNAH, GA	884	153	0	184	153	5	1
2745	SAVANNAH, GA	884	153	7	194	160	5	1
2746	SAVANNAH, GA	884	153	6	716	159	5	4
2747	ANTWERP	887	135	1	991	136	5	6
2748	ANTWERP	887	135	8	996	143	5	6
2749	ROTTERDAM	888	137	5	995	142	5	6
2750	ROTTERDAM	888	137	12	1000	149	5	6
2751	BREMERHAVEN	889	139	1	979	140	5	6
2752	BREMERHAVEN	889	139	8	984	147	5	6
2753	NEW YORK, NY	891	152	3	192	155	5	1
2754	NEW YORK, NY	891	152	3	714	155	5	4
2755	NORFOLK, VA	892	156	1	193	157	5	1
2756	NORFOLK, VA	892	156	1	715	157	5	4
2757	SAVANNAH, GA	893	160	0	194	160	5	1
2758	BREMERHAVEN	896	7	6	722	13	6	5
2759	BREMERHAVEN	896	7	13	732	20	6	5
2760	ROTTERDAM	897	9	2	721	11	6	5
2761	ROTTERDAM	897	9	9	731	18	6	5
2762	ANTWERP	898	10	6	730	16	6	5
2763	ANTWERP	898	10	13	740	23	6	5
2764	MONTREAL, QC	899	20	10	203	30	6	2
2765	BREMERHAVEN	901	35	6	762	41	6	5
2766	BREMERHAVEN	901	35	13	772	48	6	5
2767	BREMERHAVEN	902	14	6	732	20	6	5
2768	BREMERHAVEN	902	14	13	742	27	6	5
2769	ROTTERDAM	903	16	2	731	18	6	5
2770	ROTTERDAM	903	16	9	741	25	6	5
2771	ANTWERP	904	17	6	740	23	6	5
2772	ANTWERP	904	17	13	750	30	6	5
2773	MONTREAL, QC	905	27	3	203	30	6	2
2774	MONTREAL, QC	905	27	10	214	37	6	2
2775	BREMERHAVEN	907	42	6	772	48	6	5
2776	BREMERHAVEN	907	42	13	781	55	6	5
2777	BREMERHAVEN	908	21	6	742	27	6	5
2778	BREMERHAVEN	908	21	13	752	34	6	5
2779	ROTTERDAM	909	23	2	741	25	6	5
2780	ROTTERDAM	909	23	9	751	32	6	5
2781	ANTWERP	910	24	6	750	30	6	5
2782	ANTWERP	910	24	13	760	37	6	5
2783	MONTREAL, QC	911	34	3	214	37	6	2
2784	MONTREAL, QC	911	34	10	225	44	6	2
2785	BREMERHAVEN	913	49	6	781	55	6	5
2786	BREMERHAVEN	913	49	13	790	62	6	5
2787	BREMERHAVEN	914	28	6	752	34	6	5
2788	BREMERHAVEN	914	28	13	762	41	6	5
2789	ROTTERDAM	915	30	2	751	32	6	5
2790	ROTTERDAM	915	30	9	761	39	6	5
2791	ANTWERP	916	31	6	760	37	6	5
2792	ANTWERP	916	31	13	770	44	6	5
2793	MONTREAL, QC	917	41	3	225	44	6	2
2794	MONTREAL, QC	917	41	10	236	51	6	2
2795	BREMERHAVEN	919	56	6	790	62	6	5
2796	BREMERHAVEN	919	56	13	799	69	6	5
2797	ROTTERDAM	920	37	2	761	39	6	5
2798	ROTTERDAM	920	37	9	771	46	6	5
2799	ANTWERP	921	38	6	770	44	6	5
2800	ANTWERP	921	38	13	779	51	6	5
2801	MONTREAL, QC	922	48	3	236	51	6	2
2802	MONTREAL, QC	922	48	10	247	58	6	2
2803	BREMERHAVEN	924	63	6	799	69	6	5
2804	BREMERHAVEN	924	63	13	808	76	6	5
2805	ROTTERDAM	925	44	2	771	46	6	5
2806	ROTTERDAM	925	44	9	780	53	6	5
2807	ANTWERP	926	45	6	779	51	6	5
2808	ANTWERP	926	45	13	788	58	6	5
2809	MONTREAL, QC	927	55	3	247	58	6	2
2810	MONTREAL, QC	927	55	10	258	65	6	2
2811	BREMERHAVEN	929	70	6	808	76	6	5
2812	BREMERHAVEN	929	70	13	817	83	6	5
2813	ROTTERDAM	930	51	2	780	53	6	5
2814	ROTTERDAM	930	51	9	789	60	6	5
2815	ANTWERP	931	52	6	788	58	6	5
2816	ANTWERP	931	52	13	797	65	6	5
2817	MONTREAL, QC	932	62	3	258	65	6	2
2818	MONTREAL, QC	932	62	10	269	72	6	2
2819	BREMERHAVEN	934	77	6	817	83	6	5
2820	BREMERHAVEN	934	77	13	826	90	6	5
2821	ROTTERDAM	935	58	2	789	60	6	5
2822	ROTTERDAM	935	58	9	798	67	6	5
2823	ANTWERP	936	59	6	797	65	6	5
2824	ANTWERP	936	59	13	806	72	6	5
2825	MONTREAL, QC	937	69	3	269	72	6	2
2826	MONTREAL, QC	937	69	10	279	79	6	2
2827	BREMERHAVEN	939	84	6	826	90	6	5
2828	BREMERHAVEN	939	84	13	835	97	6	5
2829	ROTTERDAM	940	65	2	798	67	6	5
2830	ROTTERDAM	940	65	9	807	74	6	5
2831	ANTWERP	941	66	6	806	72	6	5
2832	ANTWERP	941	66	13	815	79	6	5
2833	MONTREAL, QC	942	76	3	279	79	6	2
2834	MONTREAL, QC	942	76	10	289	86	6	2
2835	BREMERHAVEN	944	91	6	835	97	6	5
2836	BREMERHAVEN	944	91	13	844	104	6	5
2837	ROTTERDAM	945	72	2	807	74	6	5
2838	ROTTERDAM	945	72	9	816	81	6	5
2839	ANTWERP	946	73	6	815	79	6	5
2840	ANTWERP	946	73	13	824	86	6	5
2841	MONTREAL, QC	947	83	3	289	86	6	2
2842	MONTREAL, QC	947	83	10	299	93	6	2
2843	BREMERHAVEN	949	98	6	844	104	6	5
2844	BREMERHAVEN	949	98	13	853	111	6	5
2845	ROTTERDAM	950	79	2	816	81	6	5
2846	ROTTERDAM	950	79	9	825	88	6	5
2847	ANTWERP	951	80	6	824	86	6	5
2848	ANTWERP	951	80	13	833	93	6	5
2849	MONTREAL, QC	952	90	3	299	93	6	2
2850	MONTREAL, QC	952	90	10	309	100	6	2
2851	BREMERHAVEN	954	105	6	853	111	6	5
2852	BREMERHAVEN	954	105	13	862	118	6	5
2853	ROTTERDAM	955	86	2	825	88	6	5
2854	ROTTERDAM	955	86	9	834	95	6	5
2855	ANTWERP	956	87	6	833	93	6	5
2856	ANTWERP	956	87	13	842	100	6	5
2857	MONTREAL, QC	957	97	3	309	100	6	2
2858	MONTREAL, QC	957	97	10	319	107	6	2
2859	BREMERHAVEN	959	112	6	862	118	6	5
2860	BREMERHAVEN	959	112	13	871	125	6	5
2861	ROTTERDAM	960	93	2	834	95	6	5
2862	ROTTERDAM	960	93	9	843	102	6	5
2863	ANTWERP	961	94	6	842	100	6	5
2864	ANTWERP	961	94	13	851	107	6	5
2865	MONTREAL, QC	962	104	3	319	107	6	2
2866	MONTREAL, QC	962	104	10	329	114	6	2
2867	BREMERHAVEN	964	119	6	871	125	6	5
2868	BREMERHAVEN	964	119	13	880	132	6	5
2869	ROTTERDAM	965	100	2	843	102	6	5
2870	ROTTERDAM	965	100	9	852	109	6	5
2871	ANTWERP	966	101	6	851	107	6	5
2872	ANTWERP	966	101	13	860	114	6	5
2873	MONTREAL, QC	967	111	3	329	114	6	2
2874	MONTREAL, QC	967	111	10	339	121	6	2
2875	BREMERHAVEN	969	126	6	880	132	6	5
2876	BREMERHAVEN	969	126	13	889	139	6	5
2877	ROTTERDAM	970	107	2	852	109	6	5
2878	ROTTERDAM	970	107	9	861	116	6	5
2879	ANTWERP	971	108	6	860	114	6	5
2880	ANTWERP	971	108	13	869	121	6	5
2881	MONTREAL, QC	972	118	3	339	121	6	2
2882	MONTREAL, QC	972	118	10	349	128	6	2
2883	BREMERHAVEN	974	133	6	889	139	6	5
2884	ROTTERDAM	975	114	2	861	116	6	5
2885	ROTTERDAM	975	114	9	870	123	6	5
2886	ANTWERP	976	115	6	869	121	6	5
2887	ANTWERP	976	115	13	878	128	6	5
2888	MONTREAL, QC	977	125	3	349	128	6	2
2889	MONTREAL, QC	977	125	10	359	135	6	2
2890	ROTTERDAM	980	121	2	870	123	6	5
2891	ROTTERDAM	980	121	9	879	130	6	5
2892	ANTWERP	981	122	6	878	128	6	5
2893	ANTWERP	981	122	13	887	135	6	5
2894	MONTREAL, QC	982	132	3	359	135	6	2
2895	MONTREAL, QC	982	132	10	369	142	6	2
2896	ROTTERDAM	985	128	2	879	130	6	5
2897	ROTTERDAM	985	128	9	888	137	6	5
2898	ANTWERP	986	129	6	887	135	6	5
2899	MONTREAL, QC	987	139	3	369	142	6	2
2900	MONTREAL, QC	987	139	10	379	149	6	2
2901	ROTTERDAM	990	135	2	888	137	6	5
2902	MONTREAL, QC	992	146	3	379	149	6	2
