TransshipArc ID	Port	Origin_node_ID	OriginTime	TransshipTime	Destination_node_ID	DestinationTime	FromRoute	ToRoute
889	D1	2	5	6	118	11	1	2
890	D1	2	5	13	126	18	1	2
891	D3	3	6	9	120	15	1	2
892	D1	8	12	6	126	18	1	2
893	D1	8	12	13	134	25	1	2
894	D3	9	13	2	120	15	1	2
895	D3	9	13	9	128	22	1	2
896	D1	14	19	6	134	25	1	2
897	D1	14	19	13	142	32	1	2
898	D3	15	20	2	128	22	1	2
899	D3	15	20	9	136	29	1	2
900	D1	20	26	6	142	32	1	2
901	D1	20	26	13	149	39	1	2
902	D1	20	26	12	278	38	1	3
903	D3	21	27	2	136	29	1	2
904	D3	21	27	9	144	36	1	2
905	D1	25	33	6	149	39	1	2
906	D1	25	33	13	156	46	1	2
907	D1	25	33	5	278	38	1	3
908	D1	25	33	12	285	45	1	3
909	D3	26	34	2	144	36	1	2
910	D3	26	34	9	151	43	1	2
911	D1	30	40	6	156	46	1	2
912	D1	30	40	13	163	53	1	2
913	D1	30	40	5	285	45	1	3
914	D1	30	40	12	292	52	1	3
915	D3	31	41	2	151	43	1	2
916	D3	31	41	9	158	50	1	2
917	D1	35	47	6	163	53	1	2
918	D1	35	47	13	170	60	1	2
919	D1	35	47	5	292	52	1	3
920	D1	35	47	12	299	59	1	3
921	D3	36	48	2	158	50	1	2
922	D3	36	48	9	165	57	1	2
923	D1	40	54	6	170	60	1	2
924	D1	40	54	13	177	67	1	2
925	D1	40	54	5	299	59	1	3
926	D1	40	54	12	306	66	1	3
927	D3	41	55	2	165	57	1	2
928	D3	41	55	9	172	64	1	2
929	D1	45	61	6	177	67	1	2
930	D1	45	61	13	184	74	1	2
931	D1	45	61	5	306	66	1	3
932	D1	45	61	12	313	73	1	3
933	D3	46	62	2	172	64	1	2
934	D3	46	62	9	179	71	1	2
935	D1	50	68	6	184	74	1	2
936	D1	50	68	13	191	81	1	2
937	D1	50	68	5	313	73	1	3
938	D1	50	68	12	319	80	1	3
939	D3	51	69	2	179	71	1	2
940	D3	51	69	9	186	78	1	2
941	D1	55	75	6	191	81	1	2
942	D1	55	75	13	198	88	1	2
943	D1	55	75	5	319	80	1	3
944	D1	55	75	12	325	87	1	3
945	D3	56	76	2	186	78	1	2
946	D3	56	76	9	193	85	1	2
947	D1	60	82	6	198	88	1	2
948	D1	60	82	13	205	95	1	2
949	D1	60	82	5	325	87	1	3
950	D1	60	82	12	331	94	1	3
951	D3	61	83	2	193	85	1	2
952	D3	61	83	9	200	92	1	2
953	D1	65	89	6	205	95	1	2
954	D1	65	89	13	212	102	1	2
955	D1	65	89	5	331	94	1	3
956	D1	65	89	12	337	101	1	3
957	D3	66	90	2	200	92	1	2
958	D3	66	90	9	207	99	1	2
959	D1	70	96	6	212	102	1	2
960	D1	70	96	13	219	109	1	2
961	D1	70	96	5	337	101	1	3
962	D1	70	96	12	343	108	1	3
963	D3	71	97	2	207	99	1	2
964	D3	71	97	9	214	106	1	2
965	D1	75	103	6	219	109	1	2
966	D1	75	103	13	226	116	1	2
967	D1	75	103	5	343	108	1	3
968	D1	75	103	12	349	115	1	3
969	D3	76	104	2	214	106	1	2
970	D3	76	104	9	221	113	1	2
971	D1	80	110	6	226	116	1	2
972	D1	80	110	13	233	123	1	2
973	D1	80	110	5	349	115	1	3
974	D1	80	110	12	355	122	1	3
975	D3	81	111	2	221	113	1	2
976	D3	81	111	9	228	120	1	2
977	D1	85	117	6	233	123	1	2
978	D1	85	117	13	240	130	1	2
979	D1	85	117	5	355	122	1	3
980	D1	85	117	12	361	129	1	3
981	D3	86	118	2	228	120	1	2
982	D3	86	118	9	235	127	1	2
983	D1	90	124	6	240	130	1	2
984	D1	90	124	13	247	137	1	2
985	D1	90	124	5	361	129	1	3
986	D1	90	124	12	367	136	1	3
987	D3	91	125	2	235	127	1	2
988	D3	91	125	9	242	134	1	2
989	D1	95	131	6	247	137	1	2
990	D1	95	131	13	254	144	1	2
991	D1	95	131	5	367	136	1	3
992	D1	95	131	12	373	143	1	3
993	D3	96	132	2	242	134	1	2
994	D3	96	132	9	249	141	1	2
995	D1	100	138	6	254	144	1	2
996	D1	100	138	13	261	151	1	2
997	D1	100	138	5	373	143	1	3
998	D1	100	138	12	379	150	1	3
999	D3	101	139	2	249	141	1	2
1000	D3	101	139	9	256	148	1	2
1001	D1	105	145	6	261	151	1	2
1002	D1	105	145	13	268	158	1	2
1003	D1	105	145	5	379	150	1	3
1004	D1	105	145	12	385	157	1	3
1005	D3	106	146	2	256	148	1	2
1006	D3	106	146	9	263	155	1	2
1007	D1	110	152	6	268	158	1	2
1008	D1	110	152	5	385	157	1	3
1009	D1	110	152	12	391	164	1	3
1010	D3	111	153	2	263	155	1	2
1011	D3	111	153	9	270	162	1	2
1012	D1	118	11	1	8	12	2	1
1013	D1	118	11	8	14	19	2	1
1014	D3	120	15	5	15	20	2	1
1015	D3	120	15	12	21	27	2	1
1016	D1	126	18	1	14	19	2	1
1017	D1	126	18	8	20	26	2	1
1018	D3	128	22	5	21	27	2	1
1019	D3	128	22	12	26	34	2	1
1020	D1	134	25	1	20	26	2	1
1021	D1	134	25	8	25	33	2	1
1022	D1	134	25	13	278	38	2	3
1023	D3	136	29	5	26	34	2	1
1024	D3	136	29	12	31	41	2	1
1025	D1	142	32	1	25	33	2	1
1026	D1	142	32	8	30	40	2	1
1027	D1	142	32	6	278	38	2	3
1028	D1	142	32	13	285	45	2	3
1029	D3	144	36	5	31	41	2	1
1030	D3	144	36	12	36	48	2	1
1031	D1	149	39	1	30	40	2	1
1032	D1	149	39	8	35	47	2	1
1033	D1	149	39	6	285	45	2	3
1034	D1	149	39	13	292	52	2	3
1035	D3	151	43	5	36	48	2	1
1036	D3	151	43	12	41	55	2	1
1037	D1	156	46	1	35	47	2	1
1038	D1	156	46	8	40	54	2	1
1039	D1	156	46	6	292	52	2	3
1040	D1	156	46	13	299	59	2	3
1041	D3	158	50	5	41	55	2	1
1042	D3	158	50	12	46	62	2	1
1043	D1	163	53	1	40	54	2	1
1044	D1	163	53	8	45	61	2	1
1045	D1	163	53	6	299	59	2	3
1046	D1	163	53	13	306	66	2	3
1047	D3	165	57	5	46	62	2	1
1048	D3	165	57	12	51	69	2	1
1049	D1	170	60	1	45	61	2	1
1050	D1	170	60	8	50	68	2	1
1051	D1	170	60	6	306	66	2	3
1052	D1	170	60	13	313	73	2	3
1053	D3	172	64	5	51	69	2	1
1054	D3	172	64	12	56	76	2	1
1055	D1	177	67	1	50	68	2	1
1056	D1	177	67	8	55	75	2	1
1057	D1	177	67	6	313	73	2	3
1058	D1	177	67	13	319	80	2	3
1059	D3	179	71	5	56	76	2	1
1060	D3	179	71	12	61	83	2	1
1061	D1	184	74	1	55	75	2	1
1062	D1	184	74	8	60	82	2	1
1063	D1	184	74	6	319	80	2	3
1064	D1	184	74	13	325	87	2	3
1065	D3	186	78	5	61	83	2	1
1066	D3	186	78	12	66	90	2	1
1067	D1	191	81	1	60	82	2	1
1068	D1	191	81	8	65	89	2	1
1069	D1	191	81	6	325	87	2	3
1070	D1	191	81	13	331	94	2	3
1071	D3	193	85	5	66	90	2	1
1072	D3	193	85	12	71	97	2	1
1073	D1	198	88	1	65	89	2	1
1074	D1	198	88	8	70	96	2	1
1075	D1	198	88	6	331	94	2	3
1076	D1	198	88	13	337	101	2	3
1077	D3	200	92	5	71	97	2	1
1078	D3	200	92	12	76	104	2	1
1079	D1	205	95	1	70	96	2	1
1080	D1	205	95	8	75	103	2	1
1081	D1	205	95	6	337	101	2	3
1082	D1	205	95	13	343	108	2	3
1083	D3	207	99	5	76	104	2	1
1084	D3	207	99	12	81	111	2	1
1085	D1	212	102	1	75	103	2	1
1086	D1	212	102	8	80	110	2	1
1087	D1	212	102	6	343	108	2	3
1088	D1	212	102	13	349	115	2	3
1089	D3	214	106	5	81	111	2	1
1090	D3	214	106	12	86	118	2	1
1091	D1	219	109	1	80	110	2	1
1092	D1	219	109	8	85	117	2	1
1093	D1	219	109	6	349	115	2	3
1094	D1	219	109	13	355	122	2	3
1095	D3	221	113	5	86	118	2	1
1096	D3	221	113	12	91	125	2	1
1097	D1	226	116	1	85	117	2	1
1098	D1	226	116	8	90	124	2	1
1099	D1	226	116	6	355	122	2	3
1100	D1	226	116	13	361	129	2	3
1101	D3	228	120	5	91	125	2	1
1102	D3	228	120	12	96	132	2	1
1103	D1	233	123	1	90	124	2	1
1104	D1	233	123	8	95	131	2	1
1105	D1	233	123	6	361	129	2	3
1106	D1	233	123	13	367	136	2	3
1107	D3	235	127	5	96	132	2	1
1108	D3	235	127	12	101	139	2	1
1109	D1	240	130	1	95	131	2	1
1110	D1	240	130	8	100	138	2	1
1111	D1	240	130	6	367	136	2	3
1112	D1	240	130	13	373	143	2	3
1113	D3	242	134	5	101	139	2	1
1114	D3	242	134	12	106	146	2	1
1115	D1	247	137	1	100	138	2	1
1116	D1	247	137	8	105	145	2	1
1117	D1	247	137	6	373	143	2	3
1118	D1	247	137	13	379	150	2	3
1119	D3	249	141	5	106	146	2	1
1120	D3	249	141	12	111	153	2	1
1121	D1	254	144	1	105	145	2	1
1122	D1	254	144	8	110	152	2	1
1123	D1	254	144	6	379	150	2	3
1124	D1	254	144	13	385	157	2	3
1125	D3	256	148	5	111	153	2	1
1126	D1	261	151	1	110	152	2	1
1127	D1	261	151	6	385	157	2	3
1128	D1	261	151	13	391	164	2	3
1129	D1	268	158	6	391	164	2	3
1130	D1	268	158	13	397	171	2	3
1131	A8	273	5	3	400	8	3	4
1132	A8	273	5	10	402	15	3	4
1133	A2	274	7	0	451	7	3	5
1134	A2	274	7	7	458	14	3	5
1135	A2	274	7	3	577	10	3	6
1136	A2	274	7	10	582	17	3	6
1137	A1	275	10	6	459	16	3	5
1138	A1	275	10	13	466	23	3	5
1139	A1	275	10	3	581	13	3	6
1140	A1	275	10	10	585	20	3	6
1141	B2	276	22	0	676	22	3	7
1142	B2	276	22	7	683	29	3	7
1143	D1	278	38	2	30	40	3	1
1144	D1	278	38	9	35	47	3	1
1145	D1	278	38	1	149	39	3	2
1146	D1	278	38	8	156	46	3	2
1147	A8	279	47	3	412	50	3	4
1148	A8	279	47	10	414	57	3	4
1149	A8	280	12	3	402	15	3	4
1150	A8	280	12	10	404	22	3	4
1151	A2	281	14	0	458	14	3	5
1152	A2	281	14	7	465	21	3	5
1153	A2	281	14	3	582	17	3	6
1154	A2	281	14	10	586	24	3	6
1155	A1	282	17	6	466	23	3	5
1156	A1	282	17	13	473	30	3	5
1157	A1	282	17	3	585	20	3	6
1158	A1	282	17	10	589	27	3	6
1159	B2	283	29	0	683	29	3	7
1160	B2	283	29	7	690	36	3	7
1161	D1	285	45	2	35	47	3	1
1162	D1	285	45	9	40	54	3	1
1163	D1	285	45	1	156	46	3	2
1164	D1	285	45	8	163	53	3	2
1165	A8	286	54	3	414	57	3	4
1166	A8	286	54	10	416	64	3	4
1167	A8	287	19	3	404	22	3	4
1168	A8	287	19	10	406	29	3	4
1169	A2	288	21	0	465	21	3	5
1170	A2	288	21	7	472	28	3	5
1171	A2	288	21	3	586	24	3	6
1172	A2	288	21	10	590	31	3	6
1173	A1	289	24	6	473	30	3	5
1174	A1	289	24	13	480	37	3	5
1175	A1	289	24	3	589	27	3	6
1176	A1	289	24	10	593	34	3	6
1177	B2	290	36	0	690	36	3	7
1178	B2	290	36	7	697	43	3	7
1179	D1	292	52	2	40	54	3	1
1180	D1	292	52	9	45	61	3	1
1181	D1	292	52	1	163	53	3	2
1182	D1	292	52	8	170	60	3	2
1183	A8	293	61	3	416	64	3	4
1184	A8	293	61	10	418	71	3	4
1185	A8	294	26	3	406	29	3	4
1186	A8	294	26	10	408	36	3	4
1187	A2	295	28	0	472	28	3	5
1188	A2	295	28	7	479	35	3	5
1189	A2	295	28	3	590	31	3	6
1190	A2	295	28	10	594	38	3	6
1191	A1	296	31	6	480	37	3	5
1192	A1	296	31	13	487	44	3	5
1193	A1	296	31	3	593	34	3	6
1194	A1	296	31	10	597	41	3	6
1195	B2	297	43	0	697	43	3	7
1196	B2	297	43	7	704	50	3	7
1197	D1	299	59	2	45	61	3	1
1198	D1	299	59	9	50	68	3	1
1199	D1	299	59	1	170	60	3	2
1200	D1	299	59	8	177	67	3	2
1201	A8	300	68	3	418	71	3	4
1202	A8	300	68	10	420	78	3	4
1203	A8	301	33	3	408	36	3	4
1204	A8	301	33	10	410	43	3	4
1205	A2	302	35	0	479	35	3	5
1206	A2	302	35	7	486	42	3	5
1207	A2	302	35	3	594	38	3	6
1208	A2	302	35	10	598	45	3	6
1209	A1	303	38	6	487	44	3	5
1210	A1	303	38	13	493	51	3	5
1211	A1	303	38	3	597	41	3	6
1212	A1	303	38	10	601	48	3	6
1213	B2	304	50	0	704	50	3	7
1214	B2	304	50	7	711	57	3	7
1215	D1	306	66	2	50	68	3	1
1216	D1	306	66	9	55	75	3	1
1217	D1	306	66	1	177	67	3	2
1218	D1	306	66	8	184	74	3	2
1219	A8	307	75	3	420	78	3	4
1220	A8	307	75	10	422	85	3	4
1221	A8	308	40	3	410	43	3	4
1222	A8	308	40	10	412	50	3	4
1223	A2	309	42	0	486	42	3	5
1224	A2	309	42	7	492	49	3	5
1225	A2	309	42	3	598	45	3	6
1226	A2	309	42	10	602	52	3	6
1227	A1	310	45	6	493	51	3	5
1228	A1	310	45	13	499	58	3	5
1229	A1	310	45	3	601	48	3	6
1230	A1	310	45	10	605	55	3	6
1231	B2	311	57	0	711	57	3	7
1232	B2	311	57	7	717	64	3	7
1233	D1	313	73	2	55	75	3	1
1234	D1	313	73	9	60	82	3	1
1235	D1	313	73	1	184	74	3	2
1236	D1	313	73	8	191	81	3	2
1237	A8	314	82	3	422	85	3	4
1238	A8	314	82	10	424	92	3	4
1239	A2	315	49	0	492	49	3	5
1240	A2	315	49	7	498	56	3	5
1241	A2	315	49	3	602	52	3	6
1242	A2	315	49	10	606	59	3	6
1243	A1	316	52	6	499	58	3	5
1244	A1	316	52	13	505	65	3	5
1245	A1	316	52	3	605	55	3	6
1246	A1	316	52	10	609	62	3	6
1247	B2	317	64	0	717	64	3	7
1248	B2	317	64	7	723	71	3	7
1249	D1	319	80	2	60	82	3	1
1250	D1	319	80	9	65	89	3	1
1251	D1	319	80	1	191	81	3	2
1252	D1	319	80	8	198	88	3	2
1253	A8	320	89	3	424	92	3	4
1254	A8	320	89	10	426	99	3	4
1255	A2	321	56	0	498	56	3	5
1256	A2	321	56	7	504	63	3	5
1257	A2	321	56	3	606	59	3	6
1258	A2	321	56	10	610	66	3	6
1259	A1	322	59	6	505	65	3	5
1260	A1	322	59	13	511	72	3	5
1261	A1	322	59	3	609	62	3	6
1262	A1	322	59	10	613	69	3	6
1263	B2	323	71	0	723	71	3	7
1264	B2	323	71	7	729	78	3	7
1265	D1	325	87	2	65	89	3	1
1266	D1	325	87	9	70	96	3	1
1267	D1	325	87	1	198	88	3	2
1268	D1	325	87	8	205	95	3	2
1269	A8	326	96	3	426	99	3	4
1270	A8	326	96	10	428	106	3	4
1271	A2	327	63	0	504	63	3	5
1272	A2	327	63	7	510	70	3	5
1273	A2	327	63	3	610	66	3	6
1274	A2	327	63	10	614	73	3	6
1275	A1	328	66	6	511	72	3	5
1276	A1	328	66	13	517	79	3	5
1277	A1	328	66	3	613	69	3	6
1278	A1	328	66	10	617	76	3	6
1279	B2	329	78	0	729	78	3	7
1280	B2	329	78	7	735	85	3	7
1281	D1	331	94	2	70	96	3	1
1282	D1	331	94	9	75	103	3	1
1283	D1	331	94	1	205	95	3	2
1284	D1	331	94	8	212	102	3	2
1285	A8	332	103	3	428	106	3	4
1286	A8	332	103	10	430	113	3	4
1287	A2	333	70	0	510	70	3	5
1288	A2	333	70	7	516	77	3	5
1289	A2	333	70	3	614	73	3	6
1290	A2	333	70	10	618	80	3	6
1291	A1	334	73	6	517	79	3	5
1292	A1	334	73	13	523	86	3	5
1293	A1	334	73	3	617	76	3	6
1294	A1	334	73	10	621	83	3	6
1295	B2	335	85	0	735	85	3	7
1296	B2	335	85	7	741	92	3	7
1297	D1	337	101	2	75	103	3	1
1298	D1	337	101	9	80	110	3	1
1299	D1	337	101	1	212	102	3	2
1300	D1	337	101	8	219	109	3	2
1301	A8	338	110	3	430	113	3	4
1302	A8	338	110	10	432	120	3	4
1303	A2	339	77	0	516	77	3	5
1304	A2	339	77	7	522	84	3	5
1305	A2	339	77	3	618	80	3	6
1306	A2	339	77	10	622	87	3	6
1307	A1	340	80	6	523	86	3	5
1308	A1	340	80	13	529	93	3	5
1309	A1	340	80	3	621	83	3	6
1310	A1	340	80	10	625	90	3	6
1311	B2	341	92	0	741	92	3	7
1312	B2	341	92	7	747	99	3	7
1313	D1	343	108	2	80	110	3	1
1314	D1	343	108	9	85	117	3	1
1315	D1	343	108	1	219	109	3	2
1316	D1	343	108	8	226	116	3	2
1317	A8	344	117	3	432	120	3	4
1318	A8	344	117	10	434	127	3	4
1319	A2	345	84	0	522	84	3	5
1320	A2	345	84	7	528	91	3	5
1321	A2	345	84	3	622	87	3	6
1322	A2	345	84	10	626	94	3	6
1323	A1	346	87	6	529	93	3	5
1324	A1	346	87	13	535	100	3	5
1325	A1	346	87	3	625	90	3	6
1326	A1	346	87	10	629	97	3	6
1327	B2	347	99	0	747	99	3	7
1328	B2	347	99	7	753	106	3	7
1329	D1	349	115	2	85	117	3	1
1330	D1	349	115	9	90	124	3	1
1331	D1	349	115	1	226	116	3	2
1332	D1	349	115	8	233	123	3	2
1333	A8	350	124	3	434	127	3	4
1334	A8	350	124	10	436	134	3	4
1335	A2	351	91	0	528	91	3	5
1336	A2	351	91	7	534	98	3	5
1337	A2	351	91	3	626	94	3	6
1338	A2	351	91	10	630	101	3	6
1339	A1	352	94	6	535	100	3	5
1340	A1	352	94	13	541	107	3	5
1341	A1	352	94	3	629	97	3	6
1342	A1	352	94	10	633	104	3	6
1343	B2	353	106	0	753	106	3	7
1344	B2	353	106	7	759	113	3	7
1345	D1	355	122	2	90	124	3	1
1346	D1	355	122	9	95	131	3	1
1347	D1	355	122	1	233	123	3	2
1348	D1	355	122	8	240	130	3	2
1349	A8	356	131	3	436	134	3	4
1350	A8	356	131	10	438	141	3	4
1351	A2	357	98	0	534	98	3	5
1352	A2	357	98	7	540	105	3	5
1353	A2	357	98	3	630	101	3	6
1354	A2	357	98	10	634	108	3	6
1355	A1	358	101	6	541	107	3	5
1356	A1	358	101	13	547	114	3	5
1357	A1	358	101	3	633	104	3	6
1358	A1	358	101	10	637	111	3	6
1359	B2	359	113	0	759	113	3	7
1360	B2	359	113	7	765	120	3	7
1361	D1	361	129	2	95	131	3	1
1362	D1	361	129	9	100	138	3	1
1363	D1	361	129	1	240	130	3	2
1364	D1	361	129	8	247	137	3	2
1365	A8	362	138	3	438	141	3	4
1366	A8	362	138	10	440	148	3	4
1367	A2	363	105	0	540	105	3	5
1368	A2	363	105	7	546	112	3	5
1369	A2	363	105	3	634	108	3	6
1370	A2	363	105	10	638	115	3	6
1371	A1	364	108	6	547	114	3	5
1372	A1	364	108	13	553	121	3	5
1373	A1	364	108	3	637	111	3	6
1374	A1	364	108	10	641	118	3	6
1375	B2	365	120	0	765	120	3	7
1376	B2	365	120	7	771	127	3	7
1377	D1	367	136	2	100	138	3	1
1378	D1	367	136	9	105	145	3	1
1379	D1	367	136	1	247	137	3	2
1380	D1	367	136	8	254	144	3	2
1381	A8	368	145	3	440	148	3	4
1382	A8	368	145	10	442	155	3	4
1383	A2	369	112	0	546	112	3	5
1384	A2	369	112	7	552	119	3	5
1385	A2	369	112	3	638	115	3	6
1386	A2	369	112	10	642	122	3	6
1387	A1	370	115	6	553	121	3	5
1388	A1	370	115	13	559	128	3	5
1389	A1	370	115	3	641	118	3	6
1390	A1	370	115	10	645	125	3	6
1391	B2	371	127	0	771	127	3	7
1392	B2	371	127	7	777	134	3	7
1393	D1	373	143	2	105	145	3	1
1394	D1	373	143	9	110	152	3	1
1395	D1	373	143	1	254	144	3	2
1396	D1	373	143	8	261	151	3	2
1397	A8	374	152	3	442	155	3	4
1398	A8	374	152	10	444	162	3	4
1399	A2	375	119	0	552	119	3	5
1400	A2	375	119	7	558	126	3	5
1401	A2	375	119	3	642	122	3	6
1402	A2	375	119	10	646	129	3	6
1403	A1	376	122	6	559	128	3	5
1404	A1	376	122	13	565	135	3	5
1405	A1	376	122	3	645	125	3	6
1406	A1	376	122	10	649	132	3	6
1407	B2	377	134	0	777	134	3	7
1408	B2	377	134	7	783	141	3	7
1409	D1	379	150	2	110	152	3	1
1410	D1	379	150	1	261	151	3	2
1411	D1	379	150	8	268	158	3	2
1412	A8	380	159	3	444	162	3	4
1413	A8	380	159	10	446	169	3	4
1414	A2	381	126	0	558	126	3	5
1415	A2	381	126	7	564	133	3	5
1416	A2	381	126	3	646	129	3	6
1417	A2	381	126	10	650	136	3	6
1418	A1	382	129	6	565	135	3	5
1419	A1	382	129	13	571	142	3	5
1420	A1	382	129	3	649	132	3	6
1421	A1	382	129	10	653	139	3	6
1422	B2	383	141	0	783	141	3	7
1423	B2	383	141	7	789	148	3	7
1424	D1	385	157	1	268	158	3	2
1425	A8	386	166	3	446	169	3	4
1426	A8	386	166	10	448	176	3	4
1427	A2	387	133	0	564	133	3	5
1428	A2	387	133	7	570	140	3	5
1429	A2	387	133	3	650	136	3	6
1430	A2	387	133	10	654	143	3	6
1431	A1	388	136	6	571	142	3	5
1432	A1	388	136	3	653	139	3	6
1433	A1	388	136	10	657	146	3	6
1434	B2	389	148	0	789	148	3	7
1435	B2	389	148	7	795	155	3	7
1436	A8	392	173	3	448	176	3	4
1437	A2	393	140	0	570	140	3	5
1438	A2	393	140	3	654	143	3	6
1439	A2	393	140	10	658	150	3	6
1440	A1	394	143	3	657	146	3	6
1441	A1	394	143	10	661	153	3	6
1442	B2	395	155	0	795	155	3	7
1443	A8	398	1	4	273	5	4	3
1444	A8	398	1	11	280	12	4	3
1445	A8	400	8	4	280	12	4	3
1446	A8	400	8	11	287	19	4	3
1447	A8	402	15	4	287	19	4	3
1448	A8	402	15	11	294	26	4	3
1449	A8	404	22	4	294	26	4	3
1450	A8	404	22	11	301	33	4	3
1451	A8	406	29	4	301	33	4	3
1452	A8	406	29	11	308	40	4	3
1453	A8	408	36	11	279	47	4	3
1454	A8	408	36	4	308	40	4	3
1455	A8	410	43	4	279	47	4	3
1456	A8	410	43	11	286	54	4	3
1457	A8	412	50	4	286	54	4	3
1458	A8	412	50	11	293	61	4	3
1459	A8	414	57	4	293	61	4	3
1460	A8	414	57	11	300	68	4	3
1461	A8	416	64	4	300	68	4	3
1462	A8	416	64	11	307	75	4	3
1463	A8	418	71	4	307	75	4	3
1464	A8	418	71	11	314	82	4	3
1465	A8	420	78	4	314	82	4	3
1466	A8	420	78	11	320	89	4	3
1467	A8	422	85	4	320	89	4	3
1468	A8	422	85	11	326	96	4	3
1469	A8	424	92	4	326	96	4	3
1470	A8	424	92	11	332	103	4	3
1471	A8	426	99	4	332	103	4	3
1472	A8	426	99	11	338	110	4	3
1473	A8	428	106	4	338	110	4	3
1474	A8	428	106	11	344	117	4	3
1475	A8	430	113	4	344	117	4	3
1476	A8	430	113	11	350	124	4	3
1477	A8	432	120	4	350	124	4	3
1478	A8	432	120	11	356	131	4	3
1479	A8	434	127	4	356	131	4	3
1480	A8	434	127	11	362	138	4	3
1481	A8	436	134	4	362	138	4	3
1482	A8	436	134	11	368	145	4	3
1483	A8	438	141	4	368	145	4	3
1484	A8	438	141	11	374	152	4	3
1485	A8	440	148	4	374	152	4	3
1486	A8	440	148	11	380	159	4	3
1487	A8	442	155	4	380	159	4	3
1488	A8	442	155	11	386	166	4	3
1489	A8	444	162	4	386	166	4	3
1490	A8	444	162	11	392	173	4	3
1491	A8	446	169	4	392	173	4	3
1492	A6	449	1	5	674	6	5	7
1493	A6	449	1	12	681	13	5	7
1494	A6	449	1	8	800	9	5	8
1495	A5	450	4	3	675	7	5	7
1496	A5	450	4	10	682	14	5	7
1497	A2	451	7	0	274	7	5	3
1498	A2	451	7	7	281	14	5	3
1499	A2	451	7	3	577	10	5	6
1500	A2	451	7	10	582	17	5	6
1501	A1	452	9	1	275	10	5	3
1502	A1	452	9	8	282	17	5	3
1503	A1	452	9	4	581	13	5	6
1504	A1	452	9	11	585	20	5	6
1505	A6	455	43	5	715	48	5	7
1506	A6	455	43	12	721	55	5	7
1507	A6	455	43	1	834	44	5	8
1508	A6	455	43	8	840	51	5	8
1509	A6	456	8	5	681	13	5	7
1510	A6	456	8	12	688	20	5	7
1511	A6	456	8	1	800	9	5	8
1512	A6	456	8	8	807	16	5	8
1513	A5	457	11	3	682	14	5	7
1514	A5	457	11	10	689	21	5	7
1515	A2	458	14	0	281	14	5	3
1516	A2	458	14	7	288	21	5	3
1517	A2	458	14	3	582	17	5	6
1518	A2	458	14	10	586	24	5	6
1519	A1	459	16	1	282	17	5	3
1520	A1	459	16	8	289	24	5	3
1521	A1	459	16	4	585	20	5	6
1522	A1	459	16	11	589	27	5	6
1523	A6	462	50	5	721	55	5	7
1524	A6	462	50	12	727	62	5	7
1525	A6	462	50	1	840	51	5	8
1526	A6	462	50	8	846	58	5	8
1527	A6	463	15	5	688	20	5	7
1528	A6	463	15	12	695	27	5	7
1529	A6	463	15	1	807	16	5	8
1530	A6	463	15	8	814	23	5	8
1531	A5	464	18	3	689	21	5	7
1532	A5	464	18	10	696	28	5	7
1533	A2	465	21	0	288	21	5	3
1534	A2	465	21	7	295	28	5	3
1535	A2	465	21	3	586	24	5	6
1536	A2	465	21	10	590	31	5	6
1537	A1	466	23	1	289	24	5	3
1538	A1	466	23	8	296	31	5	3
1539	A1	466	23	4	589	27	5	6
1540	A1	466	23	11	593	34	5	6
1541	A6	469	57	5	727	62	5	7
1542	A6	469	57	12	733	69	5	7
1543	A6	469	57	1	846	58	5	8
1544	A6	469	57	8	852	65	5	8
1545	A6	470	22	5	695	27	5	7
1546	A6	470	22	12	702	34	5	7
1547	A6	470	22	1	814	23	5	8
1548	A6	470	22	8	821	30	5	8
1549	A5	471	25	3	696	28	5	7
1550	A5	471	25	10	703	35	5	7
1551	A2	472	28	0	295	28	5	3
1552	A2	472	28	7	302	35	5	3
1553	A2	472	28	3	590	31	5	6
1554	A2	472	28	10	594	38	5	6
1555	A1	473	30	1	296	31	5	3
1556	A1	473	30	8	303	38	5	3
1557	A1	473	30	4	593	34	5	6
1558	A1	473	30	11	597	41	5	6
1559	A6	476	64	5	733	69	5	7
1560	A6	476	64	12	739	76	5	7
1561	A6	476	64	1	852	65	5	8
1562	A6	476	64	8	858	72	5	8
1563	A6	477	29	5	702	34	5	7
1564	A6	477	29	12	709	41	5	7
1565	A6	477	29	1	821	30	5	8
1566	A6	477	29	8	828	37	5	8
1567	A5	478	32	3	703	35	5	7
1568	A5	478	32	10	710	42	5	7
1569	A2	479	35	0	302	35	5	3
1570	A2	479	35	7	309	42	5	3
1571	A2	479	35	3	594	38	5	6
1572	A2	479	35	10	598	45	5	6
1573	A1	480	37	1	303	38	5	3
1574	A1	480	37	8	310	45	5	3
1575	A1	480	37	4	597	41	5	6
1576	A1	480	37	11	601	48	5	6
1577	A6	483	71	5	739	76	5	7
1578	A6	483	71	12	745	83	5	7
1579	A6	483	71	1	858	72	5	8
1580	A6	483	71	8	864	79	5	8
1581	A6	484	36	5	709	41	5	7
1582	A6	484	36	12	715	48	5	7
1583	A6	484	36	1	828	37	5	8
1584	A6	484	36	8	834	44	5	8
1585	A5	485	39	3	710	42	5	7
1586	A5	485	39	10	716	49	5	7
1587	A2	486	42	0	309	42	5	3
1588	A2	486	42	7	315	49	5	3
1589	A2	486	42	3	598	45	5	6
1590	A2	486	42	10	602	52	5	6
1591	A1	487	44	1	310	45	5	3
1592	A1	487	44	8	316	52	5	3
1593	A1	487	44	4	601	48	5	6
1594	A1	487	44	11	605	55	5	6
1595	A6	490	78	5	745	83	5	7
1596	A6	490	78	12	751	90	5	7
1597	A6	490	78	1	864	79	5	8
1598	A6	490	78	8	870	86	5	8
1599	A5	491	46	3	716	49	5	7
1600	A5	491	46	10	722	56	5	7
1601	A2	492	49	0	315	49	5	3
1602	A2	492	49	7	321	56	5	3
1603	A2	492	49	3	602	52	5	6
1604	A2	492	49	10	606	59	5	6
1605	A1	493	51	1	316	52	5	3
1606	A1	493	51	8	322	59	5	3
1607	A1	493	51	4	605	55	5	6
1608	A1	493	51	11	609	62	5	6
1609	A6	496	85	5	751	90	5	7
1610	A6	496	85	12	757	97	5	7
1611	A6	496	85	1	870	86	5	8
1612	A6	496	85	8	876	93	5	8
1613	A5	497	53	3	722	56	5	7
1614	A5	497	53	10	728	63	5	7
1615	A2	498	56	0	321	56	5	3
1616	A2	498	56	7	327	63	5	3
1617	A2	498	56	3	606	59	5	6
1618	A2	498	56	10	610	66	5	6
1619	A1	499	58	1	322	59	5	3
1620	A1	499	58	8	328	66	5	3
1621	A1	499	58	4	609	62	5	6
1622	A1	499	58	11	613	69	5	6
1623	A6	502	92	5	757	97	5	7
1624	A6	502	92	12	763	104	5	7
1625	A6	502	92	1	876	93	5	8
1626	A6	502	92	8	882	100	5	8
1627	A5	503	60	3	728	63	5	7
1628	A5	503	60	10	734	70	5	7
1629	A2	504	63	0	327	63	5	3
1630	A2	504	63	7	333	70	5	3
1631	A2	504	63	3	610	66	5	6
1632	A2	504	63	10	614	73	5	6
1633	A1	505	65	1	328	66	5	3
1634	A1	505	65	8	334	73	5	3
1635	A1	505	65	4	613	69	5	6
1636	A1	505	65	11	617	76	5	6
1637	A6	508	99	5	763	104	5	7
1638	A6	508	99	12	769	111	5	7
1639	A6	508	99	1	882	100	5	8
1640	A6	508	99	8	888	107	5	8
1641	A5	509	67	3	734	70	5	7
1642	A5	509	67	10	740	77	5	7
1643	A2	510	70	0	333	70	5	3
1644	A2	510	70	7	339	77	5	3
1645	A2	510	70	3	614	73	5	6
1646	A2	510	70	10	618	80	5	6
1647	A1	511	72	1	334	73	5	3
1648	A1	511	72	8	340	80	5	3
1649	A1	511	72	4	617	76	5	6
1650	A1	511	72	11	621	83	5	6
1651	A6	514	106	5	769	111	5	7
1652	A6	514	106	12	775	118	5	7
1653	A6	514	106	1	888	107	5	8
1654	A6	514	106	8	894	114	5	8
1655	A5	515	74	3	740	77	5	7
1656	A5	515	74	10	746	84	5	7
1657	A2	516	77	0	339	77	5	3
1658	A2	516	77	7	345	84	5	3
1659	A2	516	77	3	618	80	5	6
1660	A2	516	77	10	622	87	5	6
1661	A1	517	79	1	340	80	5	3
1662	A1	517	79	8	346	87	5	3
1663	A1	517	79	4	621	83	5	6
1664	A1	517	79	11	625	90	5	6
1665	A6	520	113	5	775	118	5	7
1666	A6	520	113	12	781	125	5	7
1667	A6	520	113	1	894	114	5	8
1668	A6	520	113	8	900	121	5	8
1669	A5	521	81	3	746	84	5	7
1670	A5	521	81	10	752	91	5	7
1671	A2	522	84	0	345	84	5	3
1672	A2	522	84	7	351	91	5	3
1673	A2	522	84	3	622	87	5	6
1674	A2	522	84	10	626	94	5	6
1675	A1	523	86	1	346	87	5	3
1676	A1	523	86	8	352	94	5	3
1677	A1	523	86	4	625	90	5	6
1678	A1	523	86	11	629	97	5	6
1679	A6	526	120	5	781	125	5	7
1680	A6	526	120	12	787	132	5	7
1681	A6	526	120	1	900	121	5	8
1682	A6	526	120	8	906	128	5	8
1683	A5	527	88	3	752	91	5	7
1684	A5	527	88	10	758	98	5	7
1685	A2	528	91	0	351	91	5	3
1686	A2	528	91	7	357	98	5	3
1687	A2	528	91	3	626	94	5	6
1688	A2	528	91	10	630	101	5	6
1689	A1	529	93	1	352	94	5	3
1690	A1	529	93	8	358	101	5	3
1691	A1	529	93	4	629	97	5	6
1692	A1	529	93	11	633	104	5	6
1693	A6	532	127	5	787	132	5	7
1694	A6	532	127	12	793	139	5	7
1695	A6	532	127	1	906	128	5	8
1696	A6	532	127	8	912	135	5	8
1697	A5	533	95	3	758	98	5	7
1698	A5	533	95	10	764	105	5	7
1699	A2	534	98	0	357	98	5	3
1700	A2	534	98	7	363	105	5	3
1701	A2	534	98	3	630	101	5	6
1702	A2	534	98	10	634	108	5	6
1703	A1	535	100	1	358	101	5	3
1704	A1	535	100	8	364	108	5	3
1705	A1	535	100	4	633	104	5	6
1706	A1	535	100	11	637	111	5	6
1707	A6	538	134	5	793	139	5	7
1708	A6	538	134	1	912	135	5	8
1709	A6	538	134	8	918	142	5	8
1710	A5	539	102	3	764	105	5	7
1711	A5	539	102	10	770	112	5	7
1712	A2	540	105	0	363	105	5	3
1713	A2	540	105	7	369	112	5	3
1714	A2	540	105	3	634	108	5	6
1715	A2	540	105	10	638	115	5	6
1716	A1	541	107	1	364	108	5	3
1717	A1	541	107	8	370	115	5	3
1718	A1	541	107	4	637	111	5	6
1719	A1	541	107	11	641	118	5	6
1720	A6	544	141	1	918	142	5	8
1721	A5	545	109	3	770	112	5	7
1722	A5	545	109	10	776	119	5	7
1723	A2	546	112	0	369	112	5	3
1724	A2	546	112	7	375	119	5	3
1725	A2	546	112	3	638	115	5	6
1726	A2	546	112	10	642	122	5	6
1727	A1	547	114	1	370	115	5	3
1728	A1	547	114	8	376	122	5	3
1729	A1	547	114	4	641	118	5	6
1730	A1	547	114	11	645	125	5	6
1731	A5	551	116	3	776	119	5	7
1732	A5	551	116	10	782	126	5	7
1733	A2	552	119	0	375	119	5	3
1734	A2	552	119	7	381	126	5	3
1735	A2	552	119	3	642	122	5	6
1736	A2	552	119	10	646	129	5	6
1737	A1	553	121	1	376	122	5	3
1738	A1	553	121	8	382	129	5	3
1739	A1	553	121	4	645	125	5	6
1740	A1	553	121	11	649	132	5	6
1741	A5	557	123	3	782	126	5	7
1742	A5	557	123	10	788	133	5	7
1743	A2	558	126	0	381	126	5	3
1744	A2	558	126	7	387	133	5	3
1745	A2	558	126	3	646	129	5	6
1746	A2	558	126	10	650	136	5	6
1747	A1	559	128	1	382	129	5	3
1748	A1	559	128	8	388	136	5	3
1749	A1	559	128	4	649	132	5	6
1750	A1	559	128	11	653	139	5	6
1751	A5	563	130	3	788	133	5	7
1752	A5	563	130	10	794	140	5	7
1753	A2	564	133	0	387	133	5	3
1754	A2	564	133	7	393	140	5	3
1755	A2	564	133	3	650	136	5	6
1756	A2	564	133	10	654	143	5	6
1757	A1	565	135	1	388	136	5	3
1758	A1	565	135	8	394	143	5	3
1759	A1	565	135	4	653	139	5	6
1760	A1	565	135	11	657	146	5	6
1761	A5	569	137	3	794	140	5	7
1762	A2	570	140	0	393	140	5	3
1763	A2	570	140	3	654	143	5	6
1764	A2	570	140	10	658	150	5	6
1765	A1	571	142	1	394	143	5	3
1766	A1	571	142	4	657	146	5	6
1767	A1	571	142	11	661	153	5	6
1768	A1	576	6	4	275	10	6	3
1769	A1	576	6	11	282	17	6	3
1770	A1	576	6	3	452	9	6	5
1771	A1	576	6	10	459	16	6	5
1772	A2	577	10	4	281	14	6	3
1773	A2	577	10	11	288	21	6	3
1774	A2	577	10	4	458	14	6	5
1775	A2	577	10	11	465	21	6	5
1776	A1	581	13	4	282	17	6	3
1777	A1	581	13	11	289	24	6	3
1778	A1	581	13	3	459	16	6	5
1779	A1	581	13	10	466	23	6	5
1780	A2	582	17	4	288	21	6	3
1781	A2	582	17	11	295	28	6	3
1782	A2	582	17	4	465	21	6	5
1783	A2	582	17	11	472	28	6	5
1784	A1	585	20	4	289	24	6	3
1785	A1	585	20	11	296	31	6	3
1786	A1	585	20	3	466	23	6	5
1787	A1	585	20	10	473	30	6	5
1788	A2	586	24	4	295	28	6	3
1789	A2	586	24	11	302	35	6	3
1790	A2	586	24	4	472	28	6	5
1791	A2	586	24	11	479	35	6	5
1792	A1	589	27	4	296	31	6	3
1793	A1	589	27	11	303	38	6	3
1794	A1	589	27	3	473	30	6	5
1795	A1	589	27	10	480	37	6	5
1796	A2	590	31	4	302	35	6	3
1797	A2	590	31	11	309	42	6	3
1798	A2	590	31	4	479	35	6	5
1799	A2	590	31	11	486	42	6	5
1800	A1	593	34	4	303	38	6	3
1801	A1	593	34	11	310	45	6	3
1802	A1	593	34	3	480	37	6	5
1803	A1	593	34	10	487	44	6	5
1804	A2	594	38	4	309	42	6	3
1805	A2	594	38	11	315	49	6	3
1806	A2	594	38	4	486	42	6	5
1807	A2	594	38	11	492	49	6	5
1808	A1	597	41	4	310	45	6	3
1809	A1	597	41	11	316	52	6	3
1810	A1	597	41	3	487	44	6	5
1811	A1	597	41	10	493	51	6	5
1812	A2	598	45	4	315	49	6	3
1813	A2	598	45	11	321	56	6	3
1814	A2	598	45	4	492	49	6	5
1815	A2	598	45	11	498	56	6	5
1816	A1	601	48	4	316	52	6	3
1817	A1	601	48	11	322	59	6	3
1818	A1	601	48	3	493	51	6	5
1819	A1	601	48	10	499	58	6	5
1820	A2	602	52	4	321	56	6	3
1821	A2	602	52	11	327	63	6	3
1822	A2	602	52	4	498	56	6	5
1823	A2	602	52	11	504	63	6	5
1824	A1	605	55	4	322	59	6	3
1825	A1	605	55	11	328	66	6	3
1826	A1	605	55	3	499	58	6	5
1827	A1	605	55	10	505	65	6	5
1828	A2	606	59	4	327	63	6	3
1829	A2	606	59	11	333	70	6	3
1830	A2	606	59	4	504	63	6	5
1831	A2	606	59	11	510	70	6	5
1832	A1	609	62	4	328	66	6	3
1833	A1	609	62	11	334	73	6	3
1834	A1	609	62	3	505	65	6	5
1835	A1	609	62	10	511	72	6	5
1836	A2	610	66	4	333	70	6	3
1837	A2	610	66	11	339	77	6	3
1838	A2	610	66	4	510	70	6	5
1839	A2	610	66	11	516	77	6	5
1840	A1	613	69	4	334	73	6	3
1841	A1	613	69	11	340	80	6	3
1842	A1	613	69	3	511	72	6	5
1843	A1	613	69	10	517	79	6	5
1844	A2	614	73	4	339	77	6	3
1845	A2	614	73	11	345	84	6	3
1846	A2	614	73	4	516	77	6	5
1847	A2	614	73	11	522	84	6	5
1848	A1	617	76	4	340	80	6	3
1849	A1	617	76	11	346	87	6	3
1850	A1	617	76	3	517	79	6	5
1851	A1	617	76	10	523	86	6	5
1852	A2	618	80	4	345	84	6	3
1853	A2	618	80	11	351	91	6	3
1854	A2	618	80	4	522	84	6	5
1855	A2	618	80	11	528	91	6	5
1856	A1	621	83	4	346	87	6	3
1857	A1	621	83	11	352	94	6	3
1858	A1	621	83	3	523	86	6	5
1859	A1	621	83	10	529	93	6	5
1860	A2	622	87	4	351	91	6	3
1861	A2	622	87	11	357	98	6	3
1862	A2	622	87	4	528	91	6	5
1863	A2	622	87	11	534	98	6	5
1864	A1	625	90	4	352	94	6	3
1865	A1	625	90	11	358	101	6	3
1866	A1	625	90	3	529	93	6	5
1867	A1	625	90	10	535	100	6	5
1868	A2	626	94	4	357	98	6	3
1869	A2	626	94	11	363	105	6	3
1870	A2	626	94	4	534	98	6	5
1871	A2	626	94	11	540	105	6	5
1872	A1	629	97	4	358	101	6	3
1873	A1	629	97	11	364	108	6	3
1874	A1	629	97	3	535	100	6	5
1875	A1	629	97	10	541	107	6	5
1876	A2	630	101	4	363	105	6	3
1877	A2	630	101	11	369	112	6	3
1878	A2	630	101	4	540	105	6	5
1879	A2	630	101	11	546	112	6	5
1880	A1	633	104	4	364	108	6	3
1881	A1	633	104	11	370	115	6	3
1882	A1	633	104	3	541	107	6	5
1883	A1	633	104	10	547	114	6	5
1884	A2	634	108	4	369	112	6	3
1885	A2	634	108	11	375	119	6	3
1886	A2	634	108	4	546	112	6	5
1887	A2	634	108	11	552	119	6	5
1888	A1	637	111	4	370	115	6	3
1889	A1	637	111	11	376	122	6	3
1890	A1	637	111	3	547	114	6	5
1891	A1	637	111	10	553	121	6	5
1892	A2	638	115	4	375	119	6	3
1893	A2	638	115	11	381	126	6	3
1894	A2	638	115	4	552	119	6	5
1895	A2	638	115	11	558	126	6	5
1896	A1	641	118	4	376	122	6	3
1897	A1	641	118	11	382	129	6	3
1898	A1	641	118	3	553	121	6	5
1899	A1	641	118	10	559	128	6	5
1900	A2	642	122	4	381	126	6	3
1901	A2	642	122	11	387	133	6	3
1902	A2	642	122	4	558	126	6	5
1903	A2	642	122	11	564	133	6	5
1904	A1	645	125	4	382	129	6	3
1905	A1	645	125	11	388	136	6	3
1906	A1	645	125	3	559	128	6	5
1907	A1	645	125	10	565	135	6	5
1908	A2	646	129	4	387	133	6	3
1909	A2	646	129	11	393	140	6	3
1910	A2	646	129	4	564	133	6	5
1911	A2	646	129	11	570	140	6	5
1912	A1	649	132	4	388	136	6	3
1913	A1	649	132	11	394	143	6	3
1914	A1	649	132	3	565	135	6	5
1915	A1	649	132	10	571	142	6	5
1916	A2	650	136	4	393	140	6	3
1917	A2	650	136	4	570	140	6	5
1918	A1	653	139	4	394	143	6	3
1919	A1	653	139	3	571	142	6	5
1920	A4	673	4	3	798	7	7	8
1921	A4	673	4	10	805	14	7	8
1922	A6	674	6	2	456	8	7	5
1923	A6	674	6	9	463	15	7	5
1924	A6	674	6	3	800	9	7	8
1925	A6	674	6	10	807	16	7	8
1926	A5	675	7	4	457	11	7	5
1927	A5	675	7	11	464	18	7	5
1928	B2	676	22	0	276	22	7	3
1929	B2	676	22	7	283	29	7	3
1930	A4	680	11	3	805	14	7	8
1931	A4	680	11	10	812	21	7	8
1932	A6	681	13	2	463	15	7	5
1933	A6	681	13	9	470	22	7	5
1934	A6	681	13	3	807	16	7	8
1935	A6	681	13	10	814	23	7	8
1936	A5	682	14	4	464	18	7	5
1937	A5	682	14	11	471	25	7	5
1938	B2	683	29	0	283	29	7	3
1939	B2	683	29	7	290	36	7	3
1940	A4	687	18	3	812	21	7	8
1941	A4	687	18	10	819	28	7	8
1942	A6	688	20	2	470	22	7	5
1943	A6	688	20	9	477	29	7	5
1944	A6	688	20	3	814	23	7	8
1945	A6	688	20	10	821	30	7	8
1946	A5	689	21	4	471	25	7	5
1947	A5	689	21	11	478	32	7	5
1948	B2	690	36	0	290	36	7	3
1949	B2	690	36	7	297	43	7	3
1950	A4	694	25	3	819	28	7	8
1951	A4	694	25	10	826	35	7	8
1952	A6	695	27	2	477	29	7	5
1953	A6	695	27	9	484	36	7	5
1954	A6	695	27	3	821	30	7	8
1955	A6	695	27	10	828	37	7	8
1956	A5	696	28	4	478	32	7	5
1957	A5	696	28	11	485	39	7	5
1958	B2	697	43	0	297	43	7	3
1959	B2	697	43	7	304	50	7	3
1960	A4	701	32	10	804	42	7	8
1961	A4	701	32	3	826	35	7	8
1962	A6	702	34	9	455	43	7	5
1963	A6	702	34	2	484	36	7	5
1964	A6	702	34	3	828	37	7	8
1965	A6	702	34	10	834	44	7	8
1966	A5	703	35	4	485	39	7	5
1967	A5	703	35	11	491	46	7	5
1968	B2	704	50	0	304	50	7	3
1969	B2	704	50	7	311	57	7	3
1970	A4	708	39	3	804	42	7	8
1971	A4	708	39	10	811	49	7	8
1972	A6	709	41	2	455	43	7	5
1973	A6	709	41	9	462	50	7	5
1974	A6	709	41	3	834	44	7	8
1975	A6	709	41	10	840	51	7	8
1976	A5	710	42	4	491	46	7	5
1977	A5	710	42	11	497	53	7	5
1978	B2	711	57	0	311	57	7	3
1979	B2	711	57	7	317	64	7	3
1980	A4	714	46	3	811	49	7	8
1981	A4	714	46	10	818	56	7	8
1982	A6	715	48	2	462	50	7	5
1983	A6	715	48	9	469	57	7	5
1984	A6	715	48	3	840	51	7	8
1985	A6	715	48	10	846	58	7	8
1986	A5	716	49	4	497	53	7	5
1987	A5	716	49	11	503	60	7	5
1988	B2	717	64	0	317	64	7	3
1989	B2	717	64	7	323	71	7	3
1990	A4	720	53	3	818	56	7	8
1991	A4	720	53	10	825	63	7	8
1992	A6	721	55	2	469	57	7	5
1993	A6	721	55	9	476	64	7	5
1994	A6	721	55	3	846	58	7	8
1995	A6	721	55	10	852	65	7	8
1996	A5	722	56	4	503	60	7	5
1997	A5	722	56	11	509	67	7	5
1998	B2	723	71	0	323	71	7	3
1999	B2	723	71	7	329	78	7	3
2000	A4	726	60	3	825	63	7	8
2001	A4	726	60	10	832	70	7	8
2002	A6	727	62	2	476	64	7	5
2003	A6	727	62	9	483	71	7	5
2004	A6	727	62	3	852	65	7	8
2005	A6	727	62	10	858	72	7	8
2006	A5	728	63	4	509	67	7	5
2007	A5	728	63	11	515	74	7	5
2008	B2	729	78	0	329	78	7	3
2009	B2	729	78	7	335	85	7	3
2010	A4	732	67	3	832	70	7	8
2011	A4	732	67	10	838	77	7	8
2012	A6	733	69	2	483	71	7	5
2013	A6	733	69	9	490	78	7	5
2014	A6	733	69	3	858	72	7	8
2015	A6	733	69	10	864	79	7	8
2016	A5	734	70	4	515	74	7	5
2017	A5	734	70	11	521	81	7	5
2018	B2	735	85	0	335	85	7	3
2019	B2	735	85	7	341	92	7	3
2020	A4	738	74	3	838	77	7	8
2021	A4	738	74	10	844	84	7	8
2022	A6	739	76	2	490	78	7	5
2023	A6	739	76	9	496	85	7	5
2024	A6	739	76	3	864	79	7	8
2025	A6	739	76	10	870	86	7	8
2026	A5	740	77	4	521	81	7	5
2027	A5	740	77	11	527	88	7	5
2028	B2	741	92	0	341	92	7	3
2029	B2	741	92	7	347	99	7	3
2030	A4	744	81	3	844	84	7	8
2031	A4	744	81	10	850	91	7	8
2032	A6	745	83	2	496	85	7	5
2033	A6	745	83	9	502	92	7	5
2034	A6	745	83	3	870	86	7	8
2035	A6	745	83	10	876	93	7	8
2036	A5	746	84	4	527	88	7	5
2037	A5	746	84	11	533	95	7	5
2038	B2	747	99	0	347	99	7	3
2039	B2	747	99	7	353	106	7	3
2040	A4	750	88	3	850	91	7	8
2041	A4	750	88	10	856	98	7	8
2042	A6	751	90	2	502	92	7	5
2043	A6	751	90	9	508	99	7	5
2044	A6	751	90	3	876	93	7	8
2045	A6	751	90	10	882	100	7	8
2046	A5	752	91	4	533	95	7	5
2047	A5	752	91	11	539	102	7	5
2048	B2	753	106	0	353	106	7	3
2049	B2	753	106	7	359	113	7	3
2050	A4	756	95	3	856	98	7	8
2051	A4	756	95	10	862	105	7	8
2052	A6	757	97	2	508	99	7	5
2053	A6	757	97	9	514	106	7	5
2054	A6	757	97	3	882	100	7	8
2055	A6	757	97	10	888	107	7	8
2056	A5	758	98	4	539	102	7	5
2057	A5	758	98	11	545	109	7	5
2058	B2	759	113	0	359	113	7	3
2059	B2	759	113	7	365	120	7	3
2060	A4	762	102	3	862	105	7	8
2061	A4	762	102	10	868	112	7	8
2062	A6	763	104	2	514	106	7	5
2063	A6	763	104	9	520	113	7	5
2064	A6	763	104	3	888	107	7	8
2065	A6	763	104	10	894	114	7	8
2066	A5	764	105	4	545	109	7	5
2067	A5	764	105	11	551	116	7	5
2068	B2	765	120	0	365	120	7	3
2069	B2	765	120	7	371	127	7	3
2070	A4	768	109	3	868	112	7	8
2071	A4	768	109	10	874	119	7	8
2072	A6	769	111	2	520	113	7	5
2073	A6	769	111	9	526	120	7	5
2074	A6	769	111	3	894	114	7	8
2075	A6	769	111	10	900	121	7	8
2076	A5	770	112	4	551	116	7	5
2077	A5	770	112	11	557	123	7	5
2078	B2	771	127	0	371	127	7	3
2079	B2	771	127	7	377	134	7	3
2080	A4	774	116	3	874	119	7	8
2081	A4	774	116	10	880	126	7	8
2082	A6	775	118	2	526	120	7	5
2083	A6	775	118	9	532	127	7	5
2084	A6	775	118	3	900	121	7	8
2085	A6	775	118	10	906	128	7	8
2086	A5	776	119	4	557	123	7	5
2087	A5	776	119	11	563	130	7	5
2088	B2	777	134	0	377	134	7	3
2089	B2	777	134	7	383	141	7	3
2090	A4	780	123	3	880	126	7	8
2091	A4	780	123	10	886	133	7	8
2092	A6	781	125	2	532	127	7	5
2093	A6	781	125	9	538	134	7	5
2094	A6	781	125	3	906	128	7	8
2095	A6	781	125	10	912	135	7	8
2096	A5	782	126	4	563	130	7	5
2097	A5	782	126	11	569	137	7	5
2098	B2	783	141	0	383	141	7	3
2099	B2	783	141	7	389	148	7	3
2100	A4	786	130	3	886	133	7	8
2101	A4	786	130	10	892	140	7	8
2102	A6	787	132	2	538	134	7	5
2103	A6	787	132	9	544	141	7	5
2104	A6	787	132	3	912	135	7	8
2105	A6	787	132	10	918	142	7	8
2106	A5	788	133	4	569	137	7	5
2107	B2	789	148	0	389	148	7	3
2108	B2	789	148	7	395	155	7	3
2109	A4	792	137	3	892	140	7	8
2110	A4	792	137	10	898	147	7	8
2111	A6	793	139	2	544	141	7	5
2112	A6	793	139	9	550	148	7	5
2113	A6	793	139	3	918	142	7	8
2114	B2	795	155	0	395	155	7	3
2115	A4	798	7	4	680	11	8	7
2116	A4	798	7	11	687	18	8	7
2117	A6	800	9	6	463	15	8	5
2118	A6	800	9	13	470	22	8	5
2119	A6	800	9	4	681	13	8	7
2120	A6	800	9	11	688	20	8	7
2121	A4	804	42	4	714	46	8	7
2122	A4	804	42	11	720	53	8	7
2123	A4	805	14	4	687	18	8	7
2124	A4	805	14	11	694	25	8	7
2125	A6	807	16	6	470	22	8	5
2126	A6	807	16	13	477	29	8	5
2127	A6	807	16	4	688	20	8	7
2128	A6	807	16	11	695	27	8	7
2129	A4	811	49	4	720	53	8	7
2130	A4	811	49	11	726	60	8	7
2131	A4	812	21	4	694	25	8	7
2132	A4	812	21	11	701	32	8	7
2133	A6	814	23	6	477	29	8	5
2134	A6	814	23	13	484	36	8	5
2135	A6	814	23	4	695	27	8	7
2136	A6	814	23	11	702	34	8	7
2137	A4	818	56	4	726	60	8	7
2138	A4	818	56	11	732	67	8	7
2139	A4	819	28	4	701	32	8	7
2140	A4	819	28	11	708	39	8	7
2141	A6	821	30	13	455	43	8	5
2142	A6	821	30	6	484	36	8	5
2143	A6	821	30	4	702	34	8	7
2144	A6	821	30	11	709	41	8	7
2145	A4	825	63	4	732	67	8	7
2146	A4	825	63	11	738	74	8	7
2147	A4	826	35	4	708	39	8	7
2148	A4	826	35	11	714	46	8	7
2149	A6	828	37	6	455	43	8	5
2150	A6	828	37	13	462	50	8	5
2151	A6	828	37	4	709	41	8	7
2152	A6	828	37	11	715	48	8	7
2153	A4	832	70	4	738	74	8	7
2154	A4	832	70	11	744	81	8	7
2155	A6	834	44	6	462	50	8	5
2156	A6	834	44	13	469	57	8	5
2157	A6	834	44	4	715	48	8	7
2158	A6	834	44	11	721	55	8	7
2159	A4	838	77	4	744	81	8	7
2160	A4	838	77	11	750	88	8	7
2161	A6	840	51	6	469	57	8	5
2162	A6	840	51	13	476	64	8	5
2163	A6	840	51	4	721	55	8	7
2164	A6	840	51	11	727	62	8	7
2165	A4	844	84	4	750	88	8	7
2166	A4	844	84	11	756	95	8	7
2167	A6	846	58	6	476	64	8	5
2168	A6	846	58	13	483	71	8	5
2169	A6	846	58	4	727	62	8	7
2170	A6	846	58	11	733	69	8	7
2171	A4	850	91	4	756	95	8	7
2172	A4	850	91	11	762	102	8	7
2173	A6	852	65	6	483	71	8	5
2174	A6	852	65	13	490	78	8	5
2175	A6	852	65	4	733	69	8	7
2176	A6	852	65	11	739	76	8	7
2177	A4	856	98	4	762	102	8	7
2178	A4	856	98	11	768	109	8	7
2179	A6	858	72	6	490	78	8	5
2180	A6	858	72	13	496	85	8	5
2181	A6	858	72	4	739	76	8	7
2182	A6	858	72	11	745	83	8	7
2183	A4	862	105	4	768	109	8	7
2184	A4	862	105	11	774	116	8	7
2185	A6	864	79	6	496	85	8	5
2186	A6	864	79	13	502	92	8	5
2187	A6	864	79	4	745	83	8	7
2188	A6	864	79	11	751	90	8	7
2189	A4	868	112	4	774	116	8	7
2190	A4	868	112	11	780	123	8	7
2191	A6	870	86	6	502	92	8	5
2192	A6	870	86	13	508	99	8	5
2193	A6	870	86	4	751	90	8	7
2194	A6	870	86	11	757	97	8	7
2195	A4	874	119	4	780	123	8	7
2196	A4	874	119	11	786	130	8	7
2197	A6	876	93	6	508	99	8	5
2198	A6	876	93	13	514	106	8	5
2199	A6	876	93	4	757	97	8	7
2200	A6	876	93	11	763	104	8	7
2201	A4	880	126	4	786	130	8	7
2202	A4	880	126	11	792	137	8	7
2203	A6	882	100	6	514	106	8	5
2204	A6	882	100	13	520	113	8	5
2205	A6	882	100	4	763	104	8	7
2206	A6	882	100	11	769	111	8	7
2207	A4	886	133	4	792	137	8	7
2208	A6	888	107	6	520	113	8	5
2209	A6	888	107	13	526	120	8	5
2210	A6	888	107	4	769	111	8	7
2211	A6	888	107	11	775	118	8	7
2212	A6	894	114	6	526	120	8	5
2213	A6	894	114	13	532	127	8	5
2214	A6	894	114	4	775	118	8	7
2215	A6	894	114	11	781	125	8	7
2216	A6	900	121	6	532	127	8	5
2217	A6	900	121	13	538	134	8	5
2218	A6	900	121	4	781	125	8	7
2219	A6	900	121	11	787	132	8	7
2220	A6	906	128	6	538	134	8	5
2221	A6	906	128	13	544	141	8	5
2222	A6	906	128	4	787	132	8	7
2223	A6	906	128	11	793	139	8	7
2224	A6	912	135	6	544	141	8	5
2225	A6	912	135	13	550	148	8	5
2226	A6	912	135	4	793	139	8	7
2227	A6	918	142	6	550	148	8	5
2228	A6	918	142	13	556	155	8	5
