TravelingArc_ID	Route	Origin_node_ID	Origin_Call	Origin_Port	Round_Trip	OriginTime	TravelingTime	Destination_node_ID	Destination_Call	Destination_Port	DestinationTime
1	1	1	1	D5	1	4	1	2	2	D1	5
2	1	2	2	D1	1	5	1	3	3	D3	6
3	1	3	3	D3	1	6	10	4	4	B6	16
4	1	4	4	B6	1	16	6	5	5	B7	22
5	1	5	5	B7	1	22	10	6	6	D5	32
6	1	6	6	D5	1	32	1	25	2	D1	33
7	1	7	1	D5	2	11	1	8	2	D1	12
8	1	8	2	D1	2	12	1	9	3	D3	13
9	1	9	3	D3	2	13	10	10	4	B6	23
10	1	10	4	B6	2	23	6	11	5	B7	29
11	1	11	5	B7	2	29	10	12	6	D5	39
12	1	12	6	D5	2	39	1	30	2	D1	40
13	1	13	1	D5	3	18	1	14	2	D1	19
14	1	14	2	D1	3	19	1	15	3	D3	20
15	1	15	3	D3	3	20	10	16	4	B6	30
16	1	16	4	B6	3	30	6	17	5	B7	36
17	1	17	5	B7	3	36	10	18	6	D5	46
18	1	18	6	D5	3	46	1	35	2	D1	47
19	1	19	1	D5	4	25	1	20	2	D1	26
20	1	20	2	D1	4	26	1	21	3	D3	27
21	1	21	3	D3	4	27	10	22	4	B6	37
22	1	22	4	B6	4	37	6	23	5	B7	43
23	1	23	5	B7	4	43	10	24	6	D5	53
24	1	24	6	D5	4	53	1	40	2	D1	54
25	1	25	2	D1	5	33	1	26	3	D3	34
26	1	26	3	D3	5	34	10	27	4	B6	44
27	1	27	4	B6	5	44	6	28	5	B7	50
28	1	28	5	B7	5	50	10	29	6	D5	60
29	1	29	6	D5	5	60	1	45	2	D1	61
30	1	30	2	D1	6	40	1	31	3	D3	41
31	1	31	3	D3	6	41	10	32	4	B6	51
32	1	32	4	B6	6	51	6	33	5	B7	57
33	1	33	5	B7	6	57	10	34	6	D5	67
34	1	34	6	D5	6	67	1	50	2	D1	68
35	1	35	2	D1	7	47	1	36	3	D3	48
36	1	36	3	D3	7	48	10	37	4	B6	58
37	1	37	4	B6	7	58	6	38	5	B7	64
38	1	38	5	B7	7	64	10	39	6	D5	74
39	1	39	6	D5	7	74	1	55	2	D1	75
40	1	40	2	D1	8	54	1	41	3	D3	55
41	1	41	3	D3	8	55	10	42	4	B6	65
42	1	42	4	B6	8	65	6	43	5	B7	71
43	1	43	5	B7	8	71	10	44	6	D5	81
44	1	44	6	D5	8	81	1	60	2	D1	82
45	1	45	2	D1	9	61	1	46	3	D3	62
46	1	46	3	D3	9	62	10	47	4	B6	72
47	1	47	4	B6	9	72	6	48	5	B7	78
48	1	48	5	B7	9	78	10	49	6	D5	88
49	1	49	6	D5	9	88	1	65	2	D1	89
50	1	50	2	D1	10	68	1	51	3	D3	69
51	1	51	3	D3	10	69	10	52	4	B6	79
52	1	52	4	B6	10	79	6	53	5	B7	85
53	1	53	5	B7	10	85	10	54	6	D5	95
54	1	54	6	D5	10	95	1	70	2	D1	96
55	1	55	2	D1	11	75	1	56	3	D3	76
56	1	56	3	D3	11	76	10	57	4	B6	86
57	1	57	4	B6	11	86	6	58	5	B7	92
58	1	58	5	B7	11	92	10	59	6	D5	102
59	1	59	6	D5	11	102	1	75	2	D1	103
60	1	60	2	D1	12	82	1	61	3	D3	83
61	1	61	3	D3	12	83	10	62	4	B6	93
62	1	62	4	B6	12	93	6	63	5	B7	99
63	1	63	5	B7	12	99	10	64	6	D5	109
64	1	64	6	D5	12	109	1	80	2	D1	110
65	1	65	2	D1	13	89	1	66	3	D3	90
66	1	66	3	D3	13	90	10	67	4	B6	100
67	1	67	4	B6	13	100	6	68	5	B7	106
68	1	68	5	B7	13	106	10	69	6	D5	116
69	1	69	6	D5	13	116	1	85	2	D1	117
70	1	70	2	D1	14	96	1	71	3	D3	97
71	1	71	3	D3	14	97	10	72	4	B6	107
72	1	72	4	B6	14	107	6	73	5	B7	113
73	1	73	5	B7	14	113	10	74	6	D5	123
74	1	74	6	D5	14	123	1	90	2	D1	124
75	1	75	2	D1	15	103	1	76	3	D3	104
76	1	76	3	D3	15	104	10	77	4	B6	114
77	1	77	4	B6	15	114	6	78	5	B7	120
78	1	78	5	B7	15	120	10	79	6	D5	130
79	1	79	6	D5	15	130	1	95	2	D1	131
80	1	80	2	D1	16	110	1	81	3	D3	111
81	1	81	3	D3	16	111	10	82	4	B6	121
82	1	82	4	B6	16	121	6	83	5	B7	127
83	1	83	5	B7	16	127	10	84	6	D5	137
84	1	84	6	D5	16	137	1	100	2	D1	138
85	1	85	2	D1	17	117	1	86	3	D3	118
86	1	86	3	D3	17	118	10	87	4	B6	128
87	1	87	4	B6	17	128	6	88	5	B7	134
88	1	88	5	B7	17	134	10	89	6	D5	144
89	1	89	6	D5	17	144	1	105	2	D1	145
90	1	90	2	D1	18	124	1	91	3	D3	125
91	1	91	3	D3	18	125	10	92	4	B6	135
92	1	92	4	B6	18	135	6	93	5	B7	141
93	1	93	5	B7	18	141	10	94	6	D5	151
94	1	94	6	D5	18	151	1	110	2	D1	152
95	1	95	2	D1	19	131	1	96	3	D3	132
96	1	96	3	D3	19	132	10	97	4	B6	142
97	1	97	4	B6	19	142	6	98	5	B7	148
98	1	98	5	B7	19	148	10	99	6	D5	158
99	1	100	2	D1	20	138	1	101	3	D3	139
100	1	101	3	D3	20	139	10	102	4	B6	149
101	1	102	4	B6	20	149	6	103	5	B7	155
102	1	103	5	B7	20	155	10	104	6	D5	165
103	1	105	2	D1	21	145	1	106	3	D3	146
104	1	106	3	D3	21	146	10	107	4	B6	156
105	1	107	4	B6	21	156	6	108	5	B7	162
106	1	108	5	B7	21	162	10	109	6	D5	172
107	1	110	2	D1	22	152	1	111	3	D3	153
108	1	111	3	D3	22	153	10	112	4	B6	163
109	1	112	4	B6	22	163	6	113	5	B7	169
110	1	113	5	B7	22	169	10	114	6	D5	179
111	2	115	1	E1	1	3	1	116	2	E2	4
112	2	116	2	E2	1	4	1	117	3	E3	5
113	2	117	3	E3	1	5	6	118	4	D1	11
114	2	118	4	D1	1	11	2	119	5	D2	13
115	2	119	5	D2	1	13	2	120	6	D3	15
116	2	120	6	D3	1	15	10	121	7	D4	25
117	2	121	7	D4	1	25	6	122	8	E1	31
118	2	122	8	E1	1	31	1	147	2	E2	32
119	2	123	1	E1	2	10	1	124	2	E2	11
120	2	124	2	E2	2	11	1	125	3	E3	12
121	2	125	3	E3	2	12	6	126	4	D1	18
122	2	126	4	D1	2	18	2	127	5	D2	20
123	2	127	5	D2	2	20	2	128	6	D3	22
124	2	128	6	D3	2	22	10	129	7	D4	32
125	2	129	7	D4	2	32	6	130	8	E1	38
126	2	130	8	E1	2	38	1	154	2	E2	39
127	2	131	1	E1	3	17	1	132	2	E2	18
128	2	132	2	E2	3	18	1	133	3	E3	19
129	2	133	3	E3	3	19	6	134	4	D1	25
130	2	134	4	D1	3	25	2	135	5	D2	27
131	2	135	5	D2	3	27	2	136	6	D3	29
132	2	136	6	D3	3	29	10	137	7	D4	39
133	2	137	7	D4	3	39	6	138	8	E1	45
134	2	138	8	E1	3	45	1	161	2	E2	46
135	2	139	1	E1	4	24	1	140	2	E2	25
136	2	140	2	E2	4	25	1	141	3	E3	26
137	2	141	3	E3	4	26	6	142	4	D1	32
138	2	142	4	D1	4	32	2	143	5	D2	34
139	2	143	5	D2	4	34	2	144	6	D3	36
140	2	144	6	D3	4	36	10	145	7	D4	46
141	2	145	7	D4	4	46	6	146	8	E1	52
142	2	146	8	E1	4	52	1	168	2	E2	53
143	2	147	2	E2	5	32	1	148	3	E3	33
144	2	148	3	E3	5	33	6	149	4	D1	39
145	2	149	4	D1	5	39	2	150	5	D2	41
146	2	150	5	D2	5	41	2	151	6	D3	43
147	2	151	6	D3	5	43	10	152	7	D4	53
148	2	152	7	D4	5	53	6	153	8	E1	59
149	2	153	8	E1	5	59	1	175	2	E2	60
150	2	154	2	E2	6	39	1	155	3	E3	40
151	2	155	3	E3	6	40	6	156	4	D1	46
152	2	156	4	D1	6	46	2	157	5	D2	48
153	2	157	5	D2	6	48	2	158	6	D3	50
154	2	158	6	D3	6	50	10	159	7	D4	60
155	2	159	7	D4	6	60	6	160	8	E1	66
156	2	160	8	E1	6	66	1	182	2	E2	67
157	2	161	2	E2	7	46	1	162	3	E3	47
158	2	162	3	E3	7	47	6	163	4	D1	53
159	2	163	4	D1	7	53	2	164	5	D2	55
160	2	164	5	D2	7	55	2	165	6	D3	57
161	2	165	6	D3	7	57	10	166	7	D4	67
162	2	166	7	D4	7	67	6	167	8	E1	73
163	2	167	8	E1	7	73	1	189	2	E2	74
164	2	168	2	E2	8	53	1	169	3	E3	54
165	2	169	3	E3	8	54	6	170	4	D1	60
166	2	170	4	D1	8	60	2	171	5	D2	62
167	2	171	5	D2	8	62	2	172	6	D3	64
168	2	172	6	D3	8	64	10	173	7	D4	74
169	2	173	7	D4	8	74	6	174	8	E1	80
170	2	174	8	E1	8	80	1	196	2	E2	81
171	2	175	2	E2	9	60	1	176	3	E3	61
172	2	176	3	E3	9	61	6	177	4	D1	67
173	2	177	4	D1	9	67	2	178	5	D2	69
174	2	178	5	D2	9	69	2	179	6	D3	71
175	2	179	6	D3	9	71	10	180	7	D4	81
176	2	180	7	D4	9	81	6	181	8	E1	87
177	2	181	8	E1	9	87	1	203	2	E2	88
178	2	182	2	E2	10	67	1	183	3	E3	68
179	2	183	3	E3	10	68	6	184	4	D1	74
180	2	184	4	D1	10	74	2	185	5	D2	76
181	2	185	5	D2	10	76	2	186	6	D3	78
182	2	186	6	D3	10	78	10	187	7	D4	88
183	2	187	7	D4	10	88	6	188	8	E1	94
184	2	188	8	E1	10	94	1	210	2	E2	95
185	2	189	2	E2	11	74	1	190	3	E3	75
186	2	190	3	E3	11	75	6	191	4	D1	81
187	2	191	4	D1	11	81	2	192	5	D2	83
188	2	192	5	D2	11	83	2	193	6	D3	85
189	2	193	6	D3	11	85	10	194	7	D4	95
190	2	194	7	D4	11	95	6	195	8	E1	101
191	2	195	8	E1	11	101	1	217	2	E2	102
192	2	196	2	E2	12	81	1	197	3	E3	82
193	2	197	3	E3	12	82	6	198	4	D1	88
194	2	198	4	D1	12	88	2	199	5	D2	90
195	2	199	5	D2	12	90	2	200	6	D3	92
196	2	200	6	D3	12	92	10	201	7	D4	102
197	2	201	7	D4	12	102	6	202	8	E1	108
198	2	202	8	E1	12	108	1	224	2	E2	109
199	2	203	2	E2	13	88	1	204	3	E3	89
200	2	204	3	E3	13	89	6	205	4	D1	95
201	2	205	4	D1	13	95	2	206	5	D2	97
202	2	206	5	D2	13	97	2	207	6	D3	99
203	2	207	6	D3	13	99	10	208	7	D4	109
204	2	208	7	D4	13	109	6	209	8	E1	115
205	2	209	8	E1	13	115	1	231	2	E2	116
206	2	210	2	E2	14	95	1	211	3	E3	96
207	2	211	3	E3	14	96	6	212	4	D1	102
208	2	212	4	D1	14	102	2	213	5	D2	104
209	2	213	5	D2	14	104	2	214	6	D3	106
210	2	214	6	D3	14	106	10	215	7	D4	116
211	2	215	7	D4	14	116	6	216	8	E1	122
212	2	216	8	E1	14	122	1	238	2	E2	123
213	2	217	2	E2	15	102	1	218	3	E3	103
214	2	218	3	E3	15	103	6	219	4	D1	109
215	2	219	4	D1	15	109	2	220	5	D2	111
216	2	220	5	D2	15	111	2	221	6	D3	113
217	2	221	6	D3	15	113	10	222	7	D4	123
218	2	222	7	D4	15	123	6	223	8	E1	129
219	2	223	8	E1	15	129	1	245	2	E2	130
220	2	224	2	E2	16	109	1	225	3	E3	110
221	2	225	3	E3	16	110	6	226	4	D1	116
222	2	226	4	D1	16	116	2	227	5	D2	118
223	2	227	5	D2	16	118	2	228	6	D3	120
224	2	228	6	D3	16	120	10	229	7	D4	130
225	2	229	7	D4	16	130	6	230	8	E1	136
226	2	230	8	E1	16	136	1	252	2	E2	137
227	2	231	2	E2	17	116	1	232	3	E3	117
228	2	232	3	E3	17	117	6	233	4	D1	123
229	2	233	4	D1	17	123	2	234	5	D2	125
230	2	234	5	D2	17	125	2	235	6	D3	127
231	2	235	6	D3	17	127	10	236	7	D4	137
232	2	236	7	D4	17	137	6	237	8	E1	143
233	2	237	8	E1	17	143	1	259	2	E2	144
234	2	238	2	E2	18	123	1	239	3	E3	124
235	2	239	3	E3	18	124	6	240	4	D1	130
236	2	240	4	D1	18	130	2	241	5	D2	132
237	2	241	5	D2	18	132	2	242	6	D3	134
238	2	242	6	D3	18	134	10	243	7	D4	144
239	2	243	7	D4	18	144	6	244	8	E1	150
240	2	244	8	E1	18	150	1	266	2	E2	151
241	2	245	2	E2	19	130	1	246	3	E3	131
242	2	246	3	E3	19	131	6	247	4	D1	137
243	2	247	4	D1	19	137	2	248	5	D2	139
244	2	248	5	D2	19	139	2	249	6	D3	141
245	2	249	6	D3	19	141	10	250	7	D4	151
246	2	250	7	D4	19	151	6	251	8	E1	157
247	2	252	2	E2	20	137	1	253	3	E3	138
248	2	253	3	E3	20	138	6	254	4	D1	144
249	2	254	4	D1	20	144	2	255	5	D2	146
250	2	255	5	D2	20	146	2	256	6	D3	148
251	2	256	6	D3	20	148	10	257	7	D4	158
252	2	257	7	D4	20	158	6	258	8	E1	164
253	2	259	2	E2	21	144	1	260	3	E3	145
254	2	260	3	E3	21	145	6	261	4	D1	151
255	2	261	4	D1	21	151	2	262	5	D2	153
256	2	262	5	D2	21	153	2	263	6	D3	155
257	2	263	6	D3	21	155	10	264	7	D4	165
258	2	264	7	D4	21	165	6	265	8	E1	171
259	2	266	2	E2	22	151	1	267	3	E3	152
260	2	267	3	E3	22	152	6	268	4	D1	158
261	2	268	4	D1	22	158	2	269	5	D2	160
262	2	269	5	D2	22	160	2	270	6	D3	162
263	2	270	6	D3	22	162	10	271	7	D4	172
264	2	271	7	D4	22	172	6	272	8	E1	178
265	3	273	1	A8	1	5	2	274	2	A2	7
266	3	274	2	A2	1	7	3	275	3	A1	10
267	3	275	3	A1	1	10	12	276	4	B2	22
268	3	276	4	B2	1	22	8	277	5	B3	30
269	3	277	5	B3	1	30	8	278	6	D1	38
270	3	278	6	D1	1	38	9	279	7	A8	47
271	3	279	7	A8	1	47	2	315	2	A2	49
272	3	280	1	A8	2	12	2	281	2	A2	14
273	3	281	2	A2	2	14	3	282	3	A1	17
274	3	282	3	A1	2	17	12	283	4	B2	29
275	3	283	4	B2	2	29	8	284	5	B3	37
276	3	284	5	B3	2	37	8	285	6	D1	45
277	3	285	6	D1	2	45	9	286	7	A8	54
278	3	286	7	A8	2	54	2	321	2	A2	56
279	3	287	1	A8	3	19	2	288	2	A2	21
280	3	288	2	A2	3	21	3	289	3	A1	24
281	3	289	3	A1	3	24	12	290	4	B2	36
282	3	290	4	B2	3	36	8	291	5	B3	44
283	3	291	5	B3	3	44	8	292	6	D1	52
284	3	292	6	D1	3	52	9	293	7	A8	61
285	3	293	7	A8	3	61	2	327	2	A2	63
286	3	294	1	A8	4	26	2	295	2	A2	28
287	3	295	2	A2	4	28	3	296	3	A1	31
288	3	296	3	A1	4	31	12	297	4	B2	43
289	3	297	4	B2	4	43	8	298	5	B3	51
290	3	298	5	B3	4	51	8	299	6	D1	59
291	3	299	6	D1	4	59	9	300	7	A8	68
292	3	300	7	A8	4	68	2	333	2	A2	70
293	3	301	1	A8	5	33	2	302	2	A2	35
294	3	302	2	A2	5	35	3	303	3	A1	38
295	3	303	3	A1	5	38	12	304	4	B2	50
296	3	304	4	B2	5	50	8	305	5	B3	58
297	3	305	5	B3	5	58	8	306	6	D1	66
298	3	306	6	D1	5	66	9	307	7	A8	75
299	3	307	7	A8	5	75	2	339	2	A2	77
300	3	308	1	A8	6	40	2	309	2	A2	42
301	3	309	2	A2	6	42	3	310	3	A1	45
302	3	310	3	A1	6	45	12	311	4	B2	57
303	3	311	4	B2	6	57	8	312	5	B3	65
304	3	312	5	B3	6	65	8	313	6	D1	73
305	3	313	6	D1	6	73	9	314	7	A8	82
306	3	314	7	A8	6	82	2	345	2	A2	84
307	3	315	2	A2	7	49	3	316	3	A1	52
308	3	316	3	A1	7	52	12	317	4	B2	64
309	3	317	4	B2	7	64	8	318	5	B3	72
310	3	318	5	B3	7	72	8	319	6	D1	80
311	3	319	6	D1	7	80	9	320	7	A8	89
312	3	320	7	A8	7	89	2	351	2	A2	91
313	3	321	2	A2	8	56	3	322	3	A1	59
314	3	322	3	A1	8	59	12	323	4	B2	71
315	3	323	4	B2	8	71	8	324	5	B3	79
316	3	324	5	B3	8	79	8	325	6	D1	87
317	3	325	6	D1	8	87	9	326	7	A8	96
318	3	326	7	A8	8	96	2	357	2	A2	98
319	3	327	2	A2	9	63	3	328	3	A1	66
320	3	328	3	A1	9	66	12	329	4	B2	78
321	3	329	4	B2	9	78	8	330	5	B3	86
322	3	330	5	B3	9	86	8	331	6	D1	94
323	3	331	6	D1	9	94	9	332	7	A8	103
324	3	332	7	A8	9	103	2	363	2	A2	105
325	3	333	2	A2	10	70	3	334	3	A1	73
326	3	334	3	A1	10	73	12	335	4	B2	85
327	3	335	4	B2	10	85	8	336	5	B3	93
328	3	336	5	B3	10	93	8	337	6	D1	101
329	3	337	6	D1	10	101	9	338	7	A8	110
330	3	338	7	A8	10	110	2	369	2	A2	112
331	3	339	2	A2	11	77	3	340	3	A1	80
332	3	340	3	A1	11	80	12	341	4	B2	92
333	3	341	4	B2	11	92	8	342	5	B3	100
334	3	342	5	B3	11	100	8	343	6	D1	108
335	3	343	6	D1	11	108	9	344	7	A8	117
336	3	344	7	A8	11	117	2	375	2	A2	119
337	3	345	2	A2	12	84	3	346	3	A1	87
338	3	346	3	A1	12	87	12	347	4	B2	99
339	3	347	4	B2	12	99	8	348	5	B3	107
340	3	348	5	B3	12	107	8	349	6	D1	115
341	3	349	6	D1	12	115	9	350	7	A8	124
342	3	350	7	A8	12	124	2	381	2	A2	126
343	3	351	2	A2	13	91	3	352	3	A1	94
344	3	352	3	A1	13	94	12	353	4	B2	106
345	3	353	4	B2	13	106	8	354	5	B3	114
346	3	354	5	B3	13	114	8	355	6	D1	122
347	3	355	6	D1	13	122	9	356	7	A8	131
348	3	356	7	A8	13	131	2	387	2	A2	133
349	3	357	2	A2	14	98	3	358	3	A1	101
350	3	358	3	A1	14	101	12	359	4	B2	113
351	3	359	4	B2	14	113	8	360	5	B3	121
352	3	360	5	B3	14	121	8	361	6	D1	129
353	3	361	6	D1	14	129	9	362	7	A8	138
354	3	362	7	A8	14	138	2	393	2	A2	140
355	3	363	2	A2	15	105	3	364	3	A1	108
356	3	364	3	A1	15	108	12	365	4	B2	120
357	3	365	4	B2	15	120	8	366	5	B3	128
358	3	366	5	B3	15	128	8	367	6	D1	136
359	3	367	6	D1	15	136	9	368	7	A8	145
360	3	369	2	A2	16	112	3	370	3	A1	115
361	3	370	3	A1	16	115	12	371	4	B2	127
362	3	371	4	B2	16	127	8	372	5	B3	135
363	3	372	5	B3	16	135	8	373	6	D1	143
364	3	373	6	D1	16	143	9	374	7	A8	152
365	3	375	2	A2	17	119	3	376	3	A1	122
366	3	376	3	A1	17	122	12	377	4	B2	134
367	3	377	4	B2	17	134	8	378	5	B3	142
368	3	378	5	B3	17	142	8	379	6	D1	150
369	3	379	6	D1	17	150	9	380	7	A8	159
370	3	381	2	A2	18	126	3	382	3	A1	129
371	3	382	3	A1	18	129	12	383	4	B2	141
372	3	383	4	B2	18	141	8	384	5	B3	149
373	3	384	5	B3	18	149	8	385	6	D1	157
374	3	385	6	D1	18	157	9	386	7	A8	166
375	3	387	2	A2	19	133	3	388	3	A1	136
376	3	388	3	A1	19	136	12	389	4	B2	148
377	3	389	4	B2	19	148	8	390	5	B3	156
378	3	390	5	B3	19	156	8	391	6	D1	164
379	3	391	6	D1	19	164	9	392	7	A8	173
380	3	393	2	A2	20	140	3	394	3	A1	143
381	3	394	3	A1	20	143	12	395	4	B2	155
382	3	395	4	B2	20	155	8	396	5	B3	163
383	3	396	5	B3	20	163	8	397	6	D1	171
384	4	398	1	A8	1	1	3	399	2	A11	4
385	4	399	2	A11	1	4	4	400	3	A8	8
386	4	400	3	A8	1	8	3	401	2	A11	11
387	4	401	2	A11	2	11	4	402	3	A8	15
388	4	402	3	A8	2	15	3	403	2	A11	18
389	4	403	2	A11	3	18	4	404	3	A8	22
390	4	404	3	A8	3	22	3	405	2	A11	25
391	4	405	2	A11	4	25	4	406	3	A8	29
392	4	406	3	A8	4	29	3	407	2	A11	32
393	4	407	2	A11	5	32	4	408	3	A8	36
394	4	408	3	A8	5	36	3	409	2	A11	39
395	4	409	2	A11	6	39	4	410	3	A8	43
396	4	410	3	A8	6	43	3	411	2	A11	46
397	4	411	2	A11	7	46	4	412	3	A8	50
398	4	412	3	A8	7	50	3	413	2	A11	53
399	4	413	2	A11	8	53	4	414	3	A8	57
400	4	414	3	A8	8	57	3	415	2	A11	60
401	4	415	2	A11	9	60	4	416	3	A8	64
402	4	416	3	A8	9	64	3	417	2	A11	67
403	4	417	2	A11	10	67	4	418	3	A8	71
404	4	418	3	A8	10	71	3	419	2	A11	74
405	4	419	2	A11	11	74	4	420	3	A8	78
406	4	420	3	A8	11	78	3	421	2	A11	81
407	4	421	2	A11	12	81	4	422	3	A8	85
408	4	422	3	A8	12	85	3	423	2	A11	88
409	4	423	2	A11	13	88	4	424	3	A8	92
410	4	424	3	A8	13	92	3	425	2	A11	95
411	4	425	2	A11	14	95	4	426	3	A8	99
412	4	426	3	A8	14	99	3	427	2	A11	102
413	4	427	2	A11	15	102	4	428	3	A8	106
414	4	428	3	A8	15	106	3	429	2	A11	109
415	4	429	2	A11	16	109	4	430	3	A8	113
416	4	430	3	A8	16	113	3	431	2	A11	116
417	4	431	2	A11	17	116	4	432	3	A8	120
418	4	432	3	A8	17	120	3	433	2	A11	123
419	4	433	2	A11	18	123	4	434	3	A8	127
420	4	434	3	A8	18	127	3	435	2	A11	130
421	4	435	2	A11	19	130	4	436	3	A8	134
422	4	436	3	A8	19	134	3	437	2	A11	137
423	4	437	2	A11	20	137	4	438	3	A8	141
424	4	438	3	A8	20	141	3	439	2	A11	144
425	4	439	2	A11	21	144	4	440	3	A8	148
426	4	440	3	A8	21	148	3	441	2	A11	151
427	4	441	2	A11	22	151	4	442	3	A8	155
428	4	442	3	A8	22	155	3	443	2	A11	158
429	4	443	2	A11	23	158	4	444	3	A8	162
430	4	444	3	A8	23	162	3	445	2	A11	165
431	4	445	2	A11	24	165	4	446	3	A8	169
432	4	446	3	A8	24	169	3	447	2	A11	172
433	4	447	2	A11	25	172	4	448	3	A8	176
434	5	449	1	A6	1	1	3	450	2	A5	4
435	5	450	2	A5	1	4	3	451	3	A2	7
436	5	451	3	A2	1	7	2	452	4	A1	9
437	5	452	4	A1	1	9	11	453	5	B4	20
438	5	453	5	B4	1	20	4	454	6	B5	24
439	5	454	6	B5	1	24	19	455	7	A6	43
440	5	455	7	A6	1	43	3	491	2	A5	46
441	5	456	1	A6	2	8	3	457	2	A5	11
442	5	457	2	A5	2	11	3	458	3	A2	14
443	5	458	3	A2	2	14	2	459	4	A1	16
444	5	459	4	A1	2	16	11	460	5	B4	27
445	5	460	5	B4	2	27	4	461	6	B5	31
446	5	461	6	B5	2	31	19	462	7	A6	50
447	5	462	7	A6	2	50	3	497	2	A5	53
448	5	463	1	A6	3	15	3	464	2	A5	18
449	5	464	2	A5	3	18	3	465	3	A2	21
450	5	465	3	A2	3	21	2	466	4	A1	23
451	5	466	4	A1	3	23	11	467	5	B4	34
452	5	467	5	B4	3	34	4	468	6	B5	38
453	5	468	6	B5	3	38	19	469	7	A6	57
454	5	469	7	A6	3	57	3	503	2	A5	60
455	5	470	1	A6	4	22	3	471	2	A5	25
456	5	471	2	A5	4	25	3	472	3	A2	28
457	5	472	3	A2	4	28	2	473	4	A1	30
458	5	473	4	A1	4	30	11	474	5	B4	41
459	5	474	5	B4	4	41	4	475	6	B5	45
460	5	475	6	B5	4	45	19	476	7	A6	64
461	5	476	7	A6	4	64	3	509	2	A5	67
462	5	477	1	A6	5	29	3	478	2	A5	32
463	5	478	2	A5	5	32	3	479	3	A2	35
464	5	479	3	A2	5	35	2	480	4	A1	37
465	5	480	4	A1	5	37	11	481	5	B4	48
466	5	481	5	B4	5	48	4	482	6	B5	52
467	5	482	6	B5	5	52	19	483	7	A6	71
468	5	483	7	A6	5	71	3	515	2	A5	74
469	5	484	1	A6	6	36	3	485	2	A5	39
470	5	485	2	A5	6	39	3	486	3	A2	42
471	5	486	3	A2	6	42	2	487	4	A1	44
472	5	487	4	A1	6	44	11	488	5	B4	55
473	5	488	5	B4	6	55	4	489	6	B5	59
474	5	489	6	B5	6	59	19	490	7	A6	78
475	5	490	7	A6	6	78	3	521	2	A5	81
476	5	491	2	A5	7	46	3	492	3	A2	49
477	5	492	3	A2	7	49	2	493	4	A1	51
478	5	493	4	A1	7	51	11	494	5	B4	62
479	5	494	5	B4	7	62	4	495	6	B5	66
480	5	495	6	B5	7	66	19	496	7	A6	85
481	5	496	7	A6	7	85	3	527	2	A5	88
482	5	497	2	A5	8	53	3	498	3	A2	56
483	5	498	3	A2	8	56	2	499	4	A1	58
484	5	499	4	A1	8	58	11	500	5	B4	69
485	5	500	5	B4	8	69	4	501	6	B5	73
486	5	501	6	B5	8	73	19	502	7	A6	92
487	5	502	7	A6	8	92	3	533	2	A5	95
488	5	503	2	A5	9	60	3	504	3	A2	63
489	5	504	3	A2	9	63	2	505	4	A1	65
490	5	505	4	A1	9	65	11	506	5	B4	76
491	5	506	5	B4	9	76	4	507	6	B5	80
492	5	507	6	B5	9	80	19	508	7	A6	99
493	5	508	7	A6	9	99	3	539	2	A5	102
494	5	509	2	A5	10	67	3	510	3	A2	70
495	5	510	3	A2	10	70	2	511	4	A1	72
496	5	511	4	A1	10	72	11	512	5	B4	83
497	5	512	5	B4	10	83	4	513	6	B5	87
498	5	513	6	B5	10	87	19	514	7	A6	106
499	5	514	7	A6	10	106	3	545	2	A5	109
500	5	515	2	A5	11	74	3	516	3	A2	77
501	5	516	3	A2	11	77	2	517	4	A1	79
502	5	517	4	A1	11	79	11	518	5	B4	90
503	5	518	5	B4	11	90	4	519	6	B5	94
504	5	519	6	B5	11	94	19	520	7	A6	113
505	5	520	7	A6	11	113	3	551	2	A5	116
506	5	521	2	A5	12	81	3	522	3	A2	84
507	5	522	3	A2	12	84	2	523	4	A1	86
508	5	523	4	A1	12	86	11	524	5	B4	97
509	5	524	5	B4	12	97	4	525	6	B5	101
510	5	525	6	B5	12	101	19	526	7	A6	120
511	5	526	7	A6	12	120	3	557	2	A5	123
512	5	527	2	A5	13	88	3	528	3	A2	91
513	5	528	3	A2	13	91	2	529	4	A1	93
514	5	529	4	A1	13	93	11	530	5	B4	104
515	5	530	5	B4	13	104	4	531	6	B5	108
516	5	531	6	B5	13	108	19	532	7	A6	127
517	5	532	7	A6	13	127	3	563	2	A5	130
518	5	533	2	A5	14	95	3	534	3	A2	98
519	5	534	3	A2	14	98	2	535	4	A1	100
520	5	535	4	A1	14	100	11	536	5	B4	111
521	5	536	5	B4	14	111	4	537	6	B5	115
522	5	537	6	B5	14	115	19	538	7	A6	134
523	5	538	7	A6	14	134	3	569	2	A5	137
524	5	539	2	A5	15	102	3	540	3	A2	105
525	5	540	3	A2	15	105	2	541	4	A1	107
526	5	541	4	A1	15	107	11	542	5	B4	118
527	5	542	5	B4	15	118	4	543	6	B5	122
528	5	543	6	B5	15	122	19	544	7	A6	141
529	5	545	2	A5	16	109	3	546	3	A2	112
530	5	546	3	A2	16	112	2	547	4	A1	114
531	5	547	4	A1	16	114	11	548	5	B4	125
532	5	548	5	B4	16	125	4	549	6	B5	129
533	5	549	6	B5	16	129	19	550	7	A6	148
534	5	551	2	A5	17	116	3	552	3	A2	119
535	5	552	3	A2	17	119	2	553	4	A1	121
536	5	553	4	A1	17	121	11	554	5	B4	132
537	5	554	5	B4	17	132	4	555	6	B5	136
538	5	555	6	B5	17	136	19	556	7	A6	155
539	5	557	2	A5	18	123	3	558	3	A2	126
540	5	558	3	A2	18	126	2	559	4	A1	128
541	5	559	4	A1	18	128	11	560	5	B4	139
542	5	560	5	B4	18	139	4	561	6	B5	143
543	5	561	6	B5	18	143	19	562	7	A6	162
544	5	563	2	A5	19	130	3	564	3	A2	133
545	5	564	3	A2	19	133	2	565	4	A1	135
546	5	565	4	A1	19	135	11	566	5	B4	146
547	5	566	5	B4	19	146	4	567	6	B5	150
548	5	567	6	B5	19	150	19	568	7	A6	169
549	5	569	2	A5	20	137	3	570	3	A2	140
550	5	570	3	A2	20	140	2	571	4	A1	142
551	5	571	4	A1	20	142	11	572	5	B4	153
552	5	572	5	B4	20	153	4	573	6	B5	157
553	5	573	6	B5	20	157	19	574	7	A6	176
554	6	575	1	A3	1	5	1	576	2	A1	6
555	6	576	2	A1	1	6	4	577	3	A2	10
556	6	577	3	A2	1	10	3	578	4	A10	13
557	6	578	4	A10	1	13	6	579	5	A3	19
558	6	579	5	A3	1	19	1	585	2	A1	20
559	6	580	1	A3	2	12	1	581	2	A1	13
560	6	581	2	A1	2	13	4	582	3	A2	17
561	6	582	3	A2	2	17	3	583	4	A10	20
562	6	583	4	A10	2	20	6	584	5	A3	26
563	6	584	5	A3	2	26	1	589	2	A1	27
564	6	585	2	A1	3	20	4	586	3	A2	24
565	6	586	3	A2	3	24	3	587	4	A10	27
566	6	587	4	A10	3	27	6	588	5	A3	33
567	6	588	5	A3	3	33	1	593	2	A1	34
568	6	589	2	A1	4	27	4	590	3	A2	31
569	6	590	3	A2	4	31	3	591	4	A10	34
570	6	591	4	A10	4	34	6	592	5	A3	40
571	6	592	5	A3	4	40	1	597	2	A1	41
572	6	593	2	A1	5	34	4	594	3	A2	38
573	6	594	3	A2	5	38	3	595	4	A10	41
574	6	595	4	A10	5	41	6	596	5	A3	47
575	6	596	5	A3	5	47	1	601	2	A1	48
576	6	597	2	A1	6	41	4	598	3	A2	45
577	6	598	3	A2	6	45	3	599	4	A10	48
578	6	599	4	A10	6	48	6	600	5	A3	54
579	6	600	5	A3	6	54	1	605	2	A1	55
580	6	601	2	A1	7	48	4	602	3	A2	52
581	6	602	3	A2	7	52	3	603	4	A10	55
582	6	603	4	A10	7	55	6	604	5	A3	61
583	6	604	5	A3	7	61	1	609	2	A1	62
584	6	605	2	A1	8	55	4	606	3	A2	59
585	6	606	3	A2	8	59	3	607	4	A10	62
586	6	607	4	A10	8	62	6	608	5	A3	68
587	6	608	5	A3	8	68	1	613	2	A1	69
588	6	609	2	A1	9	62	4	610	3	A2	66
589	6	610	3	A2	9	66	3	611	4	A10	69
590	6	611	4	A10	9	69	6	612	5	A3	75
591	6	612	5	A3	9	75	1	617	2	A1	76
592	6	613	2	A1	10	69	4	614	3	A2	73
593	6	614	3	A2	10	73	3	615	4	A10	76
594	6	615	4	A10	10	76	6	616	5	A3	82
595	6	616	5	A3	10	82	1	621	2	A1	83
596	6	617	2	A1	11	76	4	618	3	A2	80
597	6	618	3	A2	11	80	3	619	4	A10	83
598	6	619	4	A10	11	83	6	620	5	A3	89
599	6	620	5	A3	11	89	1	625	2	A1	90
600	6	621	2	A1	12	83	4	622	3	A2	87
601	6	622	3	A2	12	87	3	623	4	A10	90
602	6	623	4	A10	12	90	6	624	5	A3	96
603	6	624	5	A3	12	96	1	629	2	A1	97
604	6	625	2	A1	13	90	4	626	3	A2	94
605	6	626	3	A2	13	94	3	627	4	A10	97
606	6	627	4	A10	13	97	6	628	5	A3	103
607	6	628	5	A3	13	103	1	633	2	A1	104
608	6	629	2	A1	14	97	4	630	3	A2	101
609	6	630	3	A2	14	101	3	631	4	A10	104
610	6	631	4	A10	14	104	6	632	5	A3	110
611	6	632	5	A3	14	110	1	637	2	A1	111
612	6	633	2	A1	15	104	4	634	3	A2	108
613	6	634	3	A2	15	108	3	635	4	A10	111
614	6	635	4	A10	15	111	6	636	5	A3	117
615	6	636	5	A3	15	117	1	641	2	A1	118
616	6	637	2	A1	16	111	4	638	3	A2	115
617	6	638	3	A2	16	115	3	639	4	A10	118
618	6	639	4	A10	16	118	6	640	5	A3	124
619	6	640	5	A3	16	124	1	645	2	A1	125
620	6	641	2	A1	17	118	4	642	3	A2	122
621	6	642	3	A2	17	122	3	643	4	A10	125
622	6	643	4	A10	17	125	6	644	5	A3	131
623	6	644	5	A3	17	131	1	649	2	A1	132
624	6	645	2	A1	18	125	4	646	3	A2	129
625	6	646	3	A2	18	129	3	647	4	A10	132
626	6	647	4	A10	18	132	6	648	5	A3	138
627	6	648	5	A3	18	138	1	653	2	A1	139
628	6	649	2	A1	19	132	4	650	3	A2	136
629	6	650	3	A2	19	136	3	651	4	A10	139
630	6	651	4	A10	19	139	6	652	5	A3	145
631	6	652	5	A3	19	145	1	657	2	A1	146
632	6	653	2	A1	20	139	4	654	3	A2	143
633	6	654	3	A2	20	143	3	655	4	A10	146
634	6	655	4	A10	20	146	6	656	5	A3	152
635	6	656	5	A3	20	152	1	661	2	A1	153
636	6	657	2	A1	21	146	4	658	3	A2	150
637	6	658	3	A2	21	150	3	659	4	A10	153
638	6	659	4	A10	21	153	6	660	5	A3	159
639	6	660	5	A3	21	159	1	665	2	A1	160
640	6	661	2	A1	22	153	4	662	3	A2	157
641	6	662	3	A2	22	157	3	663	4	A10	160
642	6	663	4	A10	22	160	6	664	5	A3	166
643	6	664	5	A3	22	166	1	669	2	A1	167
644	6	665	2	A1	23	160	4	666	3	A2	164
645	6	666	3	A2	23	164	3	667	4	A10	167
646	6	667	4	A10	23	167	6	668	5	A3	173
647	6	669	2	A1	24	167	4	670	3	A2	171
648	6	670	3	A2	24	171	3	671	4	A10	174
649	7	672	1	A7	1	3	1	673	2	A4	4
650	7	673	2	A4	1	4	2	674	3	A6	6
651	7	674	3	A6	1	6	1	675	4	A5	7
652	7	675	4	A5	1	7	15	676	5	B2	22
653	7	676	5	B2	1	22	5	677	6	B1	27
654	7	677	6	B1	1	27	18	678	7	A7	45
655	7	678	7	A7	1	45	1	714	2	A4	46
656	7	679	1	A7	2	10	1	680	2	A4	11
657	7	680	2	A4	2	11	2	681	3	A6	13
658	7	681	3	A6	2	13	1	682	4	A5	14
659	7	682	4	A5	2	14	15	683	5	B2	29
660	7	683	5	B2	2	29	5	684	6	B1	34
661	7	684	6	B1	2	34	18	685	7	A7	52
662	7	685	7	A7	2	52	1	720	2	A4	53
663	7	686	1	A7	3	17	1	687	2	A4	18
664	7	687	2	A4	3	18	2	688	3	A6	20
665	7	688	3	A6	3	20	1	689	4	A5	21
666	7	689	4	A5	3	21	15	690	5	B2	36
667	7	690	5	B2	3	36	5	691	6	B1	41
668	7	691	6	B1	3	41	18	692	7	A7	59
669	7	692	7	A7	3	59	1	726	2	A4	60
670	7	693	1	A7	4	24	1	694	2	A4	25
671	7	694	2	A4	4	25	2	695	3	A6	27
672	7	695	3	A6	4	27	1	696	4	A5	28
673	7	696	4	A5	4	28	15	697	5	B2	43
674	7	697	5	B2	4	43	5	698	6	B1	48
675	7	698	6	B1	4	48	18	699	7	A7	66
676	7	699	7	A7	4	66	1	732	2	A4	67
677	7	700	1	A7	5	31	1	701	2	A4	32
678	7	701	2	A4	5	32	2	702	3	A6	34
679	7	702	3	A6	5	34	1	703	4	A5	35
680	7	703	4	A5	5	35	15	704	5	B2	50
681	7	704	5	B2	5	50	5	705	6	B1	55
682	7	705	6	B1	5	55	18	706	7	A7	73
683	7	706	7	A7	5	73	1	738	2	A4	74
684	7	707	1	A7	6	38	1	708	2	A4	39
685	7	708	2	A4	6	39	2	709	3	A6	41
686	7	709	3	A6	6	41	1	710	4	A5	42
687	7	710	4	A5	6	42	15	711	5	B2	57
688	7	711	5	B2	6	57	5	712	6	B1	62
689	7	712	6	B1	6	62	18	713	7	A7	80
690	7	713	7	A7	6	80	1	744	2	A4	81
691	7	714	2	A4	7	46	2	715	3	A6	48
692	7	715	3	A6	7	48	1	716	4	A5	49
693	7	716	4	A5	7	49	15	717	5	B2	64
694	7	717	5	B2	7	64	5	718	6	B1	69
695	7	718	6	B1	7	69	18	719	7	A7	87
696	7	719	7	A7	7	87	1	750	2	A4	88
697	7	720	2	A4	8	53	2	721	3	A6	55
698	7	721	3	A6	8	55	1	722	4	A5	56
699	7	722	4	A5	8	56	15	723	5	B2	71
700	7	723	5	B2	8	71	5	724	6	B1	76
701	7	724	6	B1	8	76	18	725	7	A7	94
702	7	725	7	A7	8	94	1	756	2	A4	95
703	7	726	2	A4	9	60	2	727	3	A6	62
704	7	727	3	A6	9	62	1	728	4	A5	63
705	7	728	4	A5	9	63	15	729	5	B2	78
706	7	729	5	B2	9	78	5	730	6	B1	83
707	7	730	6	B1	9	83	18	731	7	A7	101
708	7	731	7	A7	9	101	1	762	2	A4	102
709	7	732	2	A4	10	67	2	733	3	A6	69
710	7	733	3	A6	10	69	1	734	4	A5	70
711	7	734	4	A5	10	70	15	735	5	B2	85
712	7	735	5	B2	10	85	5	736	6	B1	90
713	7	736	6	B1	10	90	18	737	7	A7	108
714	7	737	7	A7	10	108	1	768	2	A4	109
715	7	738	2	A4	11	74	2	739	3	A6	76
716	7	739	3	A6	11	76	1	740	4	A5	77
717	7	740	4	A5	11	77	15	741	5	B2	92
718	7	741	5	B2	11	92	5	742	6	B1	97
719	7	742	6	B1	11	97	18	743	7	A7	115
720	7	743	7	A7	11	115	1	774	2	A4	116
721	7	744	2	A4	12	81	2	745	3	A6	83
722	7	745	3	A6	12	83	1	746	4	A5	84
723	7	746	4	A5	12	84	15	747	5	B2	99
724	7	747	5	B2	12	99	5	748	6	B1	104
725	7	748	6	B1	12	104	18	749	7	A7	122
726	7	749	7	A7	12	122	1	780	2	A4	123
727	7	750	2	A4	13	88	2	751	3	A6	90
728	7	751	3	A6	13	90	1	752	4	A5	91
729	7	752	4	A5	13	91	15	753	5	B2	106
730	7	753	5	B2	13	106	5	754	6	B1	111
731	7	754	6	B1	13	111	18	755	7	A7	129
732	7	755	7	A7	13	129	1	786	2	A4	130
733	7	756	2	A4	14	95	2	757	3	A6	97
734	7	757	3	A6	14	97	1	758	4	A5	98
735	7	758	4	A5	14	98	15	759	5	B2	113
736	7	759	5	B2	14	113	5	760	6	B1	118
737	7	760	6	B1	14	118	18	761	7	A7	136
738	7	761	7	A7	14	136	1	792	2	A4	137
739	7	762	2	A4	15	102	2	763	3	A6	104
740	7	763	3	A6	15	104	1	764	4	A5	105
741	7	764	4	A5	15	105	15	765	5	B2	120
742	7	765	5	B2	15	120	5	766	6	B1	125
743	7	766	6	B1	15	125	18	767	7	A7	143
744	7	768	2	A4	16	109	2	769	3	A6	111
745	7	769	3	A6	16	111	1	770	4	A5	112
746	7	770	4	A5	16	112	15	771	5	B2	127
747	7	771	5	B2	16	127	5	772	6	B1	132
748	7	772	6	B1	16	132	18	773	7	A7	150
749	7	774	2	A4	17	116	2	775	3	A6	118
750	7	775	3	A6	17	118	1	776	4	A5	119
751	7	776	4	A5	17	119	15	777	5	B2	134
752	7	777	5	B2	17	134	5	778	6	B1	139
753	7	778	6	B1	17	139	18	779	7	A7	157
754	7	780	2	A4	18	123	2	781	3	A6	125
755	7	781	3	A6	18	125	1	782	4	A5	126
756	7	782	4	A5	18	126	15	783	5	B2	141
757	7	783	5	B2	18	141	5	784	6	B1	146
758	7	784	6	B1	18	146	18	785	7	A7	164
759	7	786	2	A4	19	130	2	787	3	A6	132
760	7	787	3	A6	19	132	1	788	4	A5	133
761	7	788	4	A5	19	133	15	789	5	B2	148
762	7	789	5	B2	19	148	5	790	6	B1	153
763	7	790	6	B1	19	153	18	791	7	A7	171
764	7	792	2	A4	20	137	2	793	3	A6	139
765	7	793	3	A6	20	139	1	794	4	A5	140
766	7	794	4	A5	20	140	15	795	5	B2	155
767	7	795	5	B2	20	155	5	796	6	B1	160
768	7	796	6	B1	20	160	18	797	7	A7	178
769	8	798	1	A4	1	7	1	799	2	A9	8
770	8	799	2	A9	1	8	1	800	3	A6	9
771	8	800	3	A6	1	9	12	801	4	C3	21
772	8	801	4	C3	1	21	4	802	5	C2	25
773	8	802	5	C2	1	25	5	803	6	C1	30
774	8	803	6	C1	1	30	12	804	7	A4	42
775	8	804	7	A4	1	42	1	833	2	A9	43
776	8	805	1	A4	2	14	1	806	2	A9	15
777	8	806	2	A9	2	15	1	807	3	A6	16
778	8	807	3	A6	2	16	12	808	4	C3	28
779	8	808	4	C3	2	28	4	809	5	C2	32
780	8	809	5	C2	2	32	5	810	6	C1	37
781	8	810	6	C1	2	37	12	811	7	A4	49
782	8	811	7	A4	2	49	1	839	2	A9	50
783	8	812	1	A4	3	21	1	813	2	A9	22
784	8	813	2	A9	3	22	1	814	3	A6	23
785	8	814	3	A6	3	23	12	815	4	C3	35
786	8	815	4	C3	3	35	4	816	5	C2	39
787	8	816	5	C2	3	39	5	817	6	C1	44
788	8	817	6	C1	3	44	12	818	7	A4	56
789	8	818	7	A4	3	56	1	845	2	A9	57
790	8	819	1	A4	4	28	1	820	2	A9	29
791	8	820	2	A9	4	29	1	821	3	A6	30
792	8	821	3	A6	4	30	12	822	4	C3	42
793	8	822	4	C3	4	42	4	823	5	C2	46
794	8	823	5	C2	4	46	5	824	6	C1	51
795	8	824	6	C1	4	51	12	825	7	A4	63
796	8	825	7	A4	4	63	1	851	2	A9	64
797	8	826	1	A4	5	35	1	827	2	A9	36
798	8	827	2	A9	5	36	1	828	3	A6	37
799	8	828	3	A6	5	37	12	829	4	C3	49
800	8	829	4	C3	5	49	4	830	5	C2	53
801	8	830	5	C2	5	53	5	831	6	C1	58
802	8	831	6	C1	5	58	12	832	7	A4	70
803	8	832	7	A4	5	70	1	857	2	A9	71
804	8	833	2	A9	6	43	1	834	3	A6	44
805	8	834	3	A6	6	44	12	835	4	C3	56
806	8	835	4	C3	6	56	4	836	5	C2	60
807	8	836	5	C2	6	60	5	837	6	C1	65
808	8	837	6	C1	6	65	12	838	7	A4	77
809	8	838	7	A4	6	77	1	863	2	A9	78
810	8	839	2	A9	7	50	1	840	3	A6	51
811	8	840	3	A6	7	51	12	841	4	C3	63
812	8	841	4	C3	7	63	4	842	5	C2	67
813	8	842	5	C2	7	67	5	843	6	C1	72
814	8	843	6	C1	7	72	12	844	7	A4	84
815	8	844	7	A4	7	84	1	869	2	A9	85
816	8	845	2	A9	8	57	1	846	3	A6	58
817	8	846	3	A6	8	58	12	847	4	C3	70
818	8	847	4	C3	8	70	4	848	5	C2	74
819	8	848	5	C2	8	74	5	849	6	C1	79
820	8	849	6	C1	8	79	12	850	7	A4	91
821	8	850	7	A4	8	91	1	875	2	A9	92
822	8	851	2	A9	9	64	1	852	3	A6	65
823	8	852	3	A6	9	65	12	853	4	C3	77
824	8	853	4	C3	9	77	4	854	5	C2	81
825	8	854	5	C2	9	81	5	855	6	C1	86
826	8	855	6	C1	9	86	12	856	7	A4	98
827	8	856	7	A4	9	98	1	881	2	A9	99
828	8	857	2	A9	10	71	1	858	3	A6	72
829	8	858	3	A6	10	72	12	859	4	C3	84
830	8	859	4	C3	10	84	4	860	5	C2	88
831	8	860	5	C2	10	88	5	861	6	C1	93
832	8	861	6	C1	10	93	12	862	7	A4	105
833	8	862	7	A4	10	105	1	887	2	A9	106
834	8	863	2	A9	11	78	1	864	3	A6	79
835	8	864	3	A6	11	79	12	865	4	C3	91
836	8	865	4	C3	11	91	4	866	5	C2	95
837	8	866	5	C2	11	95	5	867	6	C1	100
838	8	867	6	C1	11	100	12	868	7	A4	112
839	8	868	7	A4	11	112	1	893	2	A9	113
840	8	869	2	A9	12	85	1	870	3	A6	86
841	8	870	3	A6	12	86	12	871	4	C3	98
842	8	871	4	C3	12	98	4	872	5	C2	102
843	8	872	5	C2	12	102	5	873	6	C1	107
844	8	873	6	C1	12	107	12	874	7	A4	119
845	8	874	7	A4	12	119	1	899	2	A9	120
846	8	875	2	A9	13	92	1	876	3	A6	93
847	8	876	3	A6	13	93	12	877	4	C3	105
848	8	877	4	C3	13	105	4	878	5	C2	109
849	8	878	5	C2	13	109	5	879	6	C1	114
850	8	879	6	C1	13	114	12	880	7	A4	126
851	8	880	7	A4	13	126	1	905	2	A9	127
852	8	881	2	A9	14	99	1	882	3	A6	100
853	8	882	3	A6	14	100	12	883	4	C3	112
854	8	883	4	C3	14	112	4	884	5	C2	116
855	8	884	5	C2	14	116	5	885	6	C1	121
856	8	885	6	C1	14	121	12	886	7	A4	133
857	8	886	7	A4	14	133	1	911	2	A9	134
858	8	887	2	A9	15	106	1	888	3	A6	107
859	8	888	3	A6	15	107	12	889	4	C3	119
860	8	889	4	C3	15	119	4	890	5	C2	123
861	8	890	5	C2	15	123	5	891	6	C1	128
862	8	891	6	C1	15	128	12	892	7	A4	140
863	8	892	7	A4	15	140	1	917	2	A9	141
864	8	893	2	A9	16	113	1	894	3	A6	114
865	8	894	3	A6	16	114	12	895	4	C3	126
866	8	895	4	C3	16	126	4	896	5	C2	130
867	8	896	5	C2	16	130	5	897	6	C1	135
868	8	897	6	C1	16	135	12	898	7	A4	147
869	8	899	2	A9	17	120	1	900	3	A6	121
870	8	900	3	A6	17	121	12	901	4	C3	133
871	8	901	4	C3	17	133	4	902	5	C2	137
872	8	902	5	C2	17	137	5	903	6	C1	142
873	8	903	6	C1	17	142	12	904	7	A4	154
874	8	905	2	A9	18	127	1	906	3	A6	128
875	8	906	3	A6	18	128	12	907	4	C3	140
876	8	907	4	C3	18	140	4	908	5	C2	144
877	8	908	5	C2	18	144	5	909	6	C1	149
878	8	909	6	C1	18	149	12	910	7	A4	161
879	8	911	2	A9	19	134	1	912	3	A6	135
880	8	912	3	A6	19	135	12	913	4	C3	147
881	8	913	4	C3	19	147	4	914	5	C2	151
882	8	914	5	C2	19	151	5	915	6	C1	156
883	8	915	6	C1	19	156	12	916	7	A4	168
884	8	917	2	A9	20	141	1	918	3	A6	142
885	8	918	3	A6	20	142	12	919	4	C3	154
886	8	919	4	C3	20	154	4	920	5	C2	158
887	8	920	5	C2	20	158	5	921	6	C1	163
888	8	921	6	C1	20	163	12	922	7	A4	175
