VesselPathID	VesselRouteID	NumOfArcs	ArcIDs	originTime	destinationTime
1	1	5	1,2,3,4,5	4	32
2	1	5	7,8,9,10,11	11	39
3	1	5	13,14,15,16,17	18	46
4	1	5	19,20,21,22,23	25	53
5	1	5	6,25,26,27,28	32	60
6	1	5	12,30,31,32,33	39	67
7	1	5	18,35,36,37,38	46	74
8	1	5	24,40,41,42,43	53	81
9	1	5	29,45,46,47,48	60	88
10	1	5	34,50,51,52,53	67	95
11	1	5	39,55,56,57,58	74	102
12	1	5	44,60,61,62,63	81	109
13	1	5	49,65,66,67,68	88	116
14	1	5	54,70,71,72,73	95	123
15	1	5	59,75,76,77,78	102	130
16	1	5	64,80,81,82,83	109	137
17	1	5	69,85,86,87,88	116	144
18	1	5	74,90,91,92,93	123	151
19	1	5	79,95,96,97,98	130	158
20	1	5	84,99,100,101,102	137	165
21	1	5	89,103,104,105,106	144	172
22	1	5	94,107,108,109,110	151	179
23	2	7	111,112,113,114,115,116,117	3	31
24	2	7	119,120,121,122,123,124,125	10	38
25	2	7	127,128,129,130,131,132,133	17	45
26	2	7	135,136,137,138,139,140,141	24	52
27	2	7	118,143,144,145,146,147,148	31	59
28	2	7	126,150,151,152,153,154,155	38	66
29	2	7	134,157,158,159,160,161,162	45	73
30	2	7	142,164,165,166,167,168,169	52	80
31	2	7	149,171,172,173,174,175,176	59	87
32	2	7	156,178,179,180,181,182,183	66	94
33	2	7	163,185,186,187,188,189,190	73	101
34	2	7	170,192,193,194,195,196,197	80	108
35	2	7	177,199,200,201,202,203,204	87	115
36	2	7	184,206,207,208,209,210,211	94	122
37	2	7	191,213,214,215,216,217,218	101	129
38	2	7	198,220,221,222,223,224,225	108	136
39	2	7	205,227,228,229,230,231,232	115	143
40	2	7	212,234,235,236,237,238,239	122	150
41	2	7	219,241,242,243,244,245,246	129	157
42	2	7	226,247,248,249,250,251,252	136	164
43	2	7	233,253,254,255,256,257,258	143	171
44	2	7	240,259,260,261,262,263,264	150	178
45	3	6	265,266,267,268,269,270	5	47
46	3	6	272,273,274,275,276,277	12	54
47	3	6	279,280,281,282,283,284	19	61
48	3	6	286,287,288,289,290,291	26	68
49	3	6	293,294,295,296,297,298	33	75
50	3	6	300,301,302,303,304,305	40	82
51	3	6	271,307,308,309,310,311	47	89
52	3	6	278,313,314,315,316,317	54	96
53	3	6	285,319,320,321,322,323	61	103
54	3	6	292,325,326,327,328,329	68	110
55	3	6	299,331,332,333,334,335	75	117
56	3	6	306,337,338,339,340,341	82	124
57	3	6	312,343,344,345,346,347	89	131
58	3	6	318,349,350,351,352,353	96	138
59	3	6	324,355,356,357,358,359	103	145
60	3	6	330,360,361,362,363,364	110	152
61	3	6	336,365,366,367,368,369	117	159
62	3	6	342,370,371,372,373,374	124	166
63	3	6	348,375,376,377,378,379	131	173
64	3	5	354,380,381,382,383	138	171
65	4	2	384,385	1	8
66	4	2	386,387	8	15
67	4	2	388,389	15	22
68	4	2	390,391	22	29
69	4	2	392,393	29	36
70	4	2	394,395	36	43
71	4	2	396,397	43	50
72	4	2	398,399	50	57
73	4	2	400,401	57	64
74	4	2	402,403	64	71
75	4	2	404,405	71	78
76	4	2	406,407	78	85
77	4	2	408,409	85	92
78	4	2	410,411	92	99
79	4	2	412,413	99	106
80	4	2	414,415	106	113
81	4	2	416,417	113	120
82	4	2	418,419	120	127
83	4	2	420,421	127	134
84	4	2	422,423	134	141
85	4	2	424,425	141	148
86	4	2	426,427	148	155
87	4	2	428,429	155	162
88	4	2	430,431	162	169
89	4	2	432,433	169	176
90	5	6	434,435,436,437,438,439	1	43
91	5	6	441,442,443,444,445,446	8	50
92	5	6	448,449,450,451,452,453	15	57
93	5	6	455,456,457,458,459,460	22	64
94	5	6	462,463,464,465,466,467	29	71
95	5	6	469,470,471,472,473,474	36	78
96	5	6	440,476,477,478,479,480	43	85
97	5	6	447,482,483,484,485,486	50	92
98	5	6	454,488,489,490,491,492	57	99
99	5	6	461,494,495,496,497,498	64	106
100	5	6	468,500,501,502,503,504	71	113
101	5	6	475,506,507,508,509,510	78	120
102	5	6	481,512,513,514,515,516	85	127
103	5	6	487,518,519,520,521,522	92	134
104	5	6	493,524,525,526,527,528	99	141
105	5	6	499,529,530,531,532,533	106	148
106	5	6	505,534,535,536,537,538	113	155
107	5	6	511,539,540,541,542,543	120	162
108	5	6	517,544,545,546,547,548	127	169
109	5	6	523,549,550,551,552,553	134	176
110	6	4	554,555,556,557	5	19
111	6	4	559,560,561,562	12	26
112	6	4	558,564,565,566	19	33
113	6	4	563,568,569,570	26	40
114	6	4	567,572,573,574	33	47
115	6	4	571,576,577,578	40	54
116	6	4	575,580,581,582	47	61
117	6	4	579,584,585,586	54	68
118	6	4	583,588,589,590	61	75
119	6	4	587,592,593,594	68	82
120	6	4	591,596,597,598	75	89
121	6	4	595,600,601,602	82	96
122	6	4	599,604,605,606	89	103
123	6	4	603,608,609,610	96	110
124	6	4	607,612,613,614	103	117
125	6	4	611,616,617,618	110	124
126	6	4	615,620,621,622	117	131
127	6	4	619,624,625,626	124	138
128	6	4	623,628,629,630	131	145
129	6	4	627,632,633,634	138	152
130	6	4	631,636,637,638	145	159
131	6	4	635,640,641,642	152	166
132	6	4	639,644,645,646	159	173
133	6	3	643,647,648	166	174
134	7	6	649,650,651,652,653,654	3	45
135	7	6	656,657,658,659,660,661	10	52
136	7	6	663,664,665,666,667,668	17	59
137	7	6	670,671,672,673,674,675	24	66
138	7	6	677,678,679,680,681,682	31	73
139	7	6	684,685,686,687,688,689	38	80
140	7	6	655,691,692,693,694,695	45	87
141	7	6	662,697,698,699,700,701	52	94
142	7	6	669,703,704,705,706,707	59	101
143	7	6	676,709,710,711,712,713	66	108
144	7	6	683,715,716,717,718,719	73	115
145	7	6	690,721,722,723,724,725	80	122
146	7	6	696,727,728,729,730,731	87	129
147	7	6	702,733,734,735,736,737	94	136
148	7	6	708,739,740,741,742,743	101	143
149	7	6	714,744,745,746,747,748	108	150
150	7	6	720,749,750,751,752,753	115	157
151	7	6	726,754,755,756,757,758	122	164
152	7	6	732,759,760,761,762,763	129	171
153	7	6	738,764,765,766,767,768	136	178
154	8	6	769,770,771,772,773,774	7	42
155	8	6	776,777,778,779,780,781	14	49
156	8	6	783,784,785,786,787,788	21	56
157	8	6	790,791,792,793,794,795	28	63
158	8	6	797,798,799,800,801,802	35	70
159	8	6	775,804,805,806,807,808	42	77
160	8	6	782,810,811,812,813,814	49	84
161	8	6	789,816,817,818,819,820	56	91
162	8	6	796,822,823,824,825,826	63	98
163	8	6	803,828,829,830,831,832	70	105
164	8	6	809,834,835,836,837,838	77	112
165	8	6	815,840,841,842,843,844	84	119
166	8	6	821,846,847,848,849,850	91	126
167	8	6	827,852,853,854,855,856	98	133
168	8	6	833,858,859,860,861,862	105	140
169	8	6	839,864,865,866,867,868	112	147
170	8	6	845,869,870,871,872,873	119	154
171	8	6	851,874,875,876,877,878	126	161
172	8	6	857,879,880,881,882,883	133	168
173	8	6	863,884,885,886,887,888	140	175
