VesselPathID	VesselRouteID	NumOfArcs	ArcIDs	originTime	destinationTime
1	1	8	1,2,3,4,5,6,7,8	6	55
2	1	8	10,11,12,13,14,15,16,17	13	62
3	1	8	19,20,21,22,23,24,25,26	20	69
4	1	8	28,29,30,31,32,33,34,35	27	76
5	1	8	37,38,39,40,41,42,43,44	34	83
6	1	8	46,47,48,49,50,51,52,53	41	90
7	1	8	55,56,57,58,59,60,61,62	48	97
8	1	8	9,64,65,66,67,68,69,70	55	104
9	1	8	18,72,73,74,75,76,77,78	62	111
10	1	8	27,80,81,82,83,84,85,86	69	118
11	1	8	36,88,89,90,91,92,93,94	76	125
12	1	8	45,96,97,98,99,100,101,102	83	132
13	1	8	54,103,104,105,106,107,108,109	90	139
14	1	8	63,110,111,112,113,114,115,116	97	146
15	1	8	71,117,118,119,120,121,122,123	104	153
16	1	8	79,124,125,126,127,128,129,130	111	160
17	1	8	87,131,132,133,134,135,136,137	118	167
18	1	8	95,138,139,140,141,142,143,144	125	174
19	2	10	145,146,147,148,149,150,151,152,153,154	6	55
20	2	10	156,157,158,159,160,161,162,163,164,165	13	62
21	2	10	167,168,169,170,171,172,173,174,175,176	20	69
22	2	10	178,179,180,181,182,183,184,185,186,187	27	76
23	2	10	189,190,191,192,193,194,195,196,197,198	34	83
24	2	10	200,201,202,203,204,205,206,207,208,209	41	90
25	2	10	211,212,213,214,215,216,217,218,219,220	48	97
26	2	10	155,222,223,224,225,226,227,228,229,230	55	104
27	2	10	166,232,233,234,235,236,237,238,239,240	62	111
28	2	10	177,242,243,244,245,246,247,248,249,250	69	118
29	2	10	188,252,253,254,255,256,257,258,259,260	76	125
30	2	10	199,262,263,264,265,266,267,268,269,270	83	132
31	2	10	210,271,272,273,274,275,276,277,278,279	90	139
32	2	10	221,280,281,282,283,284,285,286,287,288	97	146
33	2	10	231,289,290,291,292,293,294,295,296,297	104	153
34	2	10	241,298,299,300,301,302,303,304,305,306	111	160
35	2	10	251,307,308,309,310,311,312,313,314,315	118	167
36	2	10	261,316,317,318,319,320,321,322,323,324	125	174
37	3	6	325,326,327,328,329,330	6	55
38	3	6	332,333,334,335,336,337	13	62
39	3	6	339,340,341,342,343,344	20	69
40	3	6	346,347,348,349,350,351	27	76
41	3	6	353,354,355,356,357,358	34	83
42	3	6	360,361,362,363,364,365	41	90
43	3	6	367,368,369,370,371,372	48	97
44	3	6	331,374,375,376,377,378	55	104
45	3	6	338,380,381,382,383,384	62	111
46	3	6	345,386,387,388,389,390	69	118
47	3	6	352,392,393,394,395,396	76	125
48	3	6	359,398,399,400,401,402	83	132
49	3	6	366,403,404,405,406,407	90	139
50	3	6	373,408,409,410,411,412	97	146
51	3	6	379,413,414,415,416,417	104	153
52	3	6	385,418,419,420,421,422	111	160
53	3	6	391,423,424,425,426,427	118	167
54	3	6	397,428,429,430,431,432	125	174
55	4	7	433,434,435,436,437,438,439	6	69
56	4	7	441,442,443,444,445,446,447	13	76
57	4	7	449,450,451,452,453,454,455	20	83
58	4	7	457,458,459,460,461,462,463	27	90
59	4	7	465,466,467,468,469,470,471	34	97
60	4	7	473,474,475,476,477,478,479	41	104
61	4	7	481,482,483,484,485,486,487	48	111
62	4	7	489,490,491,492,493,494,495	55	118
63	4	7	496,497,498,499,500,501,502	62	125
64	4	7	440,503,504,505,506,507,508	69	132
65	4	7	448,509,510,511,512,513,514	76	139
66	4	7	456,515,516,517,518,519,520	83	146
67	4	7	464,521,522,523,524,525,526	90	153
68	4	7	472,527,528,529,530,531,532	97	160
69	4	7	480,533,534,535,536,537,538	104	167
70	4	7	488,539,540,541,542,543,544	111	174
71	5	11	545,546,547,548,549,550,551,552,553,554,555	6	90
72	5	11	557,558,559,560,561,562,563,564,565,566,567	13	97
73	5	11	568,569,570,571,572,573,574,575,576,577,578	20	104
74	5	11	579,580,581,582,583,584,585,586,587,588,589	27	111
75	5	11	590,591,592,593,594,595,596,597,598,599,600	34	118
76	5	11	601,602,603,604,605,606,607,608,609,610,611	41	125
77	5	11	612,613,614,615,616,617,618,619,620,621,622	48	132
78	5	11	623,624,625,626,627,628,629,630,631,632,633	55	139
79	5	11	634,635,636,637,638,639,640,641,642,643,644	62	146
80	5	11	645,646,647,648,649,650,651,652,653,654,655	69	153
81	5	11	656,657,658,659,660,661,662,663,664,665,666	76	160
82	5	11	667,668,669,670,671,672,673,674,675,676,677	83	167
83	5	11	556,678,679,680,681,682,683,684,685,686,687	90	174
84	6	13	688,689,690,691,692,693,694,695,696,697,698,699,700	6	97
85	6	13	701,702,703,704,705,706,707,708,709,710,711,712,713	13	104
86	6	13	714,715,716,717,718,719,720,721,722,723,724,725,726	20	111
87	6	13	727,728,729,730,731,732,733,734,735,736,737,738,739	27	118
88	6	13	740,741,742,743,744,745,746,747,748,749,750,751,752	34	125
89	6	13	753,754,755,756,757,758,759,760,761,762,763,764,765	41	132
90	6	13	766,767,768,769,770,771,772,773,774,775,776,777,778	48	139
91	6	13	779,780,781,782,783,784,785,786,787,788,789,790,791	55	146
92	6	13	792,793,794,795,796,797,798,799,800,801,802,803,804	62	153
93	6	13	805,806,807,808,809,810,811,812,813,814,815,816,817	69	160
94	6	13	818,819,820,821,822,823,824,825,826,827,828,829,830	76	167
95	6	13	831,832,833,834,835,836,837,838,839,840,841,842,843	83	174
96	7	9	844,845,846,847,848,849,850,851,852	6	90
97	7	9	854,855,856,857,858,859,860,861,862	13	97
98	7	9	863,864,865,866,867,868,869,870,871	20	104
99	7	9	872,873,874,875,876,877,878,879,880	27	111
100	7	9	881,882,883,884,885,886,887,888,889	34	118
101	7	9	890,891,892,893,894,895,896,897,898	41	125
102	7	9	899,900,901,902,903,904,905,906,907	48	132
103	7	9	908,909,910,911,912,913,914,915,916	55	139
104	7	9	917,918,919,920,921,922,923,924,925	62	146
105	7	9	926,927,928,929,930,931,932,933,934	69	153
106	7	9	935,936,937,938,939,940,941,942,943	76	160
107	7	9	944,945,946,947,948,949,950,951,952	83	167
108	7	9	853,953,954,955,956,957,958,959,960	90	174
109	8	12	961,962,963,964,965,966,967,968,969,970,971,972	6	97
110	8	12	973,974,975,976,977,978,979,980,981,982,983,984	13	104
111	8	12	985,986,987,988,989,990,991,992,993,994,995,996	20	111
112	8	12	997,998,999,1000,1001,1002,1003,1004,1005,1006,1007,1008	27	118
113	8	12	1009,1010,1011,1012,1013,1014,1015,1016,1017,1018,1019,1020	34	125
114	8	12	1021,1022,1023,1024,1025,1026,1027,1028,1029,1030,1031,1032	41	132
115	8	12	1033,1034,1035,1036,1037,1038,1039,1040,1041,1042,1043,1044	48	139
116	8	12	1045,1046,1047,1048,1049,1050,1051,1052,1053,1054,1055,1056	55	146
117	8	12	1057,1058,1059,1060,1061,1062,1063,1064,1065,1066,1067,1068	62	153
118	8	12	1069,1070,1071,1072,1073,1074,1075,1076,1077,1078,1079,1080	69	160
119	8	12	1081,1082,1083,1084,1085,1086,1087,1088,1089,1090,1091,1092	76	167
120	8	12	1093,1094,1095,1096,1097,1098,1099,1100,1101,1102,1103,1104	83	174
