TransshipArc ID	Port	origin_node_ID	OriginTime	TransshipTime	Destination_node_ID	DestinationTime	FromRoute	ToRoute
279	PORT QASIM	1	4	0	180	4	1	2
280	PORT QASIM	1	4	7	187	11	1	2
281	NHAVA SHEVA	2	6	3	182	9	1	2
282	NHAVA SHEVA	2	6	10	189	16	1	2
283	MUNDRA	3	9	4	188	13	1	2
284	MUNDRA	3	9	11	195	20	1	2
285	NEW YORK(NY)	5	31	6	185	37	1	2
286	NEW YORK(NY)	5	31	13	192	44	1	2
287	NORFOLK(VA)	6	34	3	190	37	1	2
288	NORFOLK(VA)	6	34	10	197	44	1	2
289	SAVANNAH(GA)	7	37	3	191	40	1	2
290	SAVANNAH(GA)	7	37	10	198	47	1	2
291	PORT QASIM	11	67	0	193	67	1	2
292	PORT QASIM	11	67	7	200	74	1	2
293	PORT QASIM	12	11	0	187	11	1	2
294	PORT QASIM	12	11	7	194	18	1	2
295	NHAVA SHEVA	13	13	3	189	16	1	2
296	NHAVA SHEVA	13	13	10	196	23	1	2
297	MUNDRA	14	16	4	195	20	1	2
298	MUNDRA	14	16	11	202	27	1	2
299	NEW YORK(NY)	16	38	6	192	44	1	2
300	NEW YORK(NY)	16	38	13	199	51	1	2
301	NORFOLK(VA)	17	41	3	197	44	1	2
302	NORFOLK(VA)	17	41	10	204	51	1	2
303	SAVANNAH(GA)	18	44	3	198	47	1	2
304	SAVANNAH(GA)	18	44	10	205	54	1	2
305	PORT QASIM	22	74	0	200	74	1	2
306	PORT QASIM	22	74	7	207	81	1	2
307	PORT QASIM	23	18	0	194	18	1	2
308	PORT QASIM	23	18	7	201	25	1	2
309	NHAVA SHEVA	24	20	3	196	23	1	2
310	NHAVA SHEVA	24	20	10	203	30	1	2
311	MUNDRA	25	23	4	202	27	1	2
312	MUNDRA	25	23	11	209	34	1	2
313	NEW YORK(NY)	27	45	6	199	51	1	2
314	NEW YORK(NY)	27	45	13	206	58	1	2
315	NORFOLK(VA)	28	48	3	204	51	1	2
316	NORFOLK(VA)	28	48	10	211	58	1	2
317	SAVANNAH(GA)	29	51	3	205	54	1	2
318	SAVANNAH(GA)	29	51	10	212	61	1	2
319	PORT QASIM	33	81	0	207	81	1	2
320	PORT QASIM	33	81	7	214	88	1	2
321	PORT QASIM	34	25	0	201	25	1	2
322	PORT QASIM	34	25	7	208	32	1	2
323	NHAVA SHEVA	35	27	3	203	30	1	2
324	NHAVA SHEVA	35	27	10	210	37	1	2
325	MUNDRA	36	30	4	209	34	1	2
326	MUNDRA	36	30	11	216	41	1	2
327	NEW YORK(NY)	38	52	6	206	58	1	2
328	NEW YORK(NY)	38	52	13	213	65	1	2
329	NORFOLK(VA)	39	55	3	211	58	1	2
330	NORFOLK(VA)	39	55	10	218	65	1	2
331	SAVANNAH(GA)	40	58	3	212	61	1	2
332	SAVANNAH(GA)	40	58	10	219	68	1	2
333	PORT QASIM	44	88	0	214	88	1	2
334	PORT QASIM	44	88	7	221	95	1	2
335	PORT QASIM	45	32	0	208	32	1	2
336	PORT QASIM	45	32	7	215	39	1	2
337	NHAVA SHEVA	46	34	3	210	37	1	2
338	NHAVA SHEVA	46	34	10	217	44	1	2
339	MUNDRA	47	37	4	216	41	1	2
340	MUNDRA	47	37	11	223	48	1	2
341	NEW YORK(NY)	49	59	6	213	65	1	2
342	NEW YORK(NY)	49	59	13	220	72	1	2
343	NORFOLK(VA)	50	62	3	218	65	1	2
344	NORFOLK(VA)	50	62	10	225	72	1	2
345	SAVANNAH(GA)	51	65	3	219	68	1	2
346	SAVANNAH(GA)	51	65	10	226	75	1	2
347	PORT QASIM	55	95	0	221	95	1	2
348	PORT QASIM	55	95	7	228	102	1	2
349	PORT QASIM	56	39	0	215	39	1	2
350	PORT QASIM	56	39	7	222	46	1	2
351	NHAVA SHEVA	57	41	3	217	44	1	2
352	NHAVA SHEVA	57	41	10	224	51	1	2
353	MUNDRA	58	44	4	223	48	1	2
354	MUNDRA	58	44	11	230	55	1	2
355	NEW YORK(NY)	60	66	6	220	72	1	2
356	NEW YORK(NY)	60	66	13	227	79	1	2
357	NORFOLK(VA)	61	69	3	225	72	1	2
358	NORFOLK(VA)	61	69	10	232	79	1	2
359	SAVANNAH(GA)	62	72	3	226	75	1	2
360	SAVANNAH(GA)	62	72	10	233	82	1	2
361	PORT QASIM	66	102	0	228	102	1	2
362	PORT QASIM	66	102	7	235	109	1	2
363	PORT QASIM	67	46	0	222	46	1	2
364	PORT QASIM	67	46	7	229	53	1	2
365	NHAVA SHEVA	68	48	3	224	51	1	2
366	NHAVA SHEVA	68	48	10	231	58	1	2
367	MUNDRA	69	51	4	230	55	1	2
368	MUNDRA	69	51	11	236	62	1	2
369	NEW YORK(NY)	71	73	6	227	79	1	2
370	NEW YORK(NY)	71	73	13	234	86	1	2
371	NORFOLK(VA)	72	76	3	232	79	1	2
372	NORFOLK(VA)	72	76	10	238	86	1	2
373	SAVANNAH(GA)	73	79	3	233	82	1	2
374	SAVANNAH(GA)	73	79	10	239	89	1	2
375	PORT QASIM	77	109	0	235	109	1	2
376	PORT QASIM	77	109	7	241	116	1	2
377	PORT QASIM	78	53	7	186	60	1	2
378	PORT QASIM	78	53	0	229	53	1	2
379	NHAVA SHEVA	79	55	3	231	58	1	2
380	NHAVA SHEVA	79	55	10	237	65	1	2
381	MUNDRA	80	58	4	236	62	1	2
382	MUNDRA	80	58	11	242	69	1	2
383	NEW YORK(NY)	82	80	6	234	86	1	2
384	NEW YORK(NY)	82	80	13	240	93	1	2
385	NORFOLK(VA)	83	83	3	238	86	1	2
386	NORFOLK(VA)	83	83	10	244	93	1	2
387	SAVANNAH(GA)	84	86	3	239	89	1	2
388	SAVANNAH(GA)	84	86	10	245	96	1	2
389	PORT QASIM	88	116	0	241	116	1	2
390	PORT QASIM	88	116	7	247	123	1	2
391	PORT QASIM	89	60	0	186	60	1	2
392	PORT QASIM	89	60	7	193	67	1	2
393	NHAVA SHEVA	90	62	3	237	65	1	2
394	NHAVA SHEVA	90	62	10	243	72	1	2
395	MUNDRA	91	65	4	242	69	1	2
396	MUNDRA	91	65	11	248	76	1	2
397	NEW YORK(NY)	93	87	6	240	93	1	2
398	NEW YORK(NY)	93	87	13	246	100	1	2
399	NORFOLK(VA)	94	90	3	244	93	1	2
400	NORFOLK(VA)	94	90	10	250	100	1	2
401	SAVANNAH(GA)	95	93	3	245	96	1	2
402	SAVANNAH(GA)	95	93	10	251	103	1	2
403	PORT QASIM	99	123	0	247	123	1	2
404	PORT QASIM	99	123	7	253	130	1	2
405	NHAVA SHEVA	100	69	3	243	72	1	2
406	NHAVA SHEVA	100	69	10	249	79	1	2
407	MUNDRA	101	72	4	248	76	1	2
408	MUNDRA	101	72	11	254	83	1	2
409	NEW YORK(NY)	103	94	6	246	100	1	2
410	NEW YORK(NY)	103	94	13	252	107	1	2
411	NORFOLK(VA)	104	97	3	250	100	1	2
412	NORFOLK(VA)	104	97	10	256	107	1	2
413	SAVANNAH(GA)	105	100	3	251	103	1	2
414	SAVANNAH(GA)	105	100	10	257	110	1	2
415	PORT QASIM	109	130	0	253	130	1	2
416	PORT QASIM	109	130	7	259	137	1	2
417	NHAVA SHEVA	110	76	3	249	79	1	2
418	NHAVA SHEVA	110	76	10	255	86	1	2
419	MUNDRA	111	79	4	254	83	1	2
420	MUNDRA	111	79	11	260	90	1	2
421	NEW YORK(NY)	113	101	6	252	107	1	2
422	NEW YORK(NY)	113	101	13	258	114	1	2
423	NORFOLK(VA)	114	104	3	256	107	1	2
424	NORFOLK(VA)	114	104	10	262	114	1	2
425	SAVANNAH(GA)	115	107	3	257	110	1	2
426	SAVANNAH(GA)	115	107	10	263	117	1	2
427	PORT QASIM	119	137	0	259	137	1	2
428	PORT QASIM	119	137	7	265	144	1	2
429	NHAVA SHEVA	120	83	3	255	86	1	2
430	NHAVA SHEVA	120	83	10	261	93	1	2
431	MUNDRA	121	86	4	260	90	1	2
432	MUNDRA	121	86	11	266	97	1	2
433	NEW YORK(NY)	123	108	6	258	114	1	2
434	NEW YORK(NY)	123	108	13	264	121	1	2
435	NORFOLK(VA)	124	111	3	262	114	1	2
436	NORFOLK(VA)	124	111	10	268	121	1	2
437	SAVANNAH(GA)	125	114	3	263	117	1	2
438	SAVANNAH(GA)	125	114	10	269	124	1	2
439	PORT QASIM	129	144	0	265	144	1	2
440	PORT QASIM	129	144	7	271	151	1	2
441	NHAVA SHEVA	130	90	3	261	93	1	2
442	NHAVA SHEVA	130	90	10	267	100	1	2
443	MUNDRA	131	93	4	266	97	1	2
444	MUNDRA	131	93	11	272	104	1	2
445	NEW YORK(NY)	133	115	6	264	121	1	2
446	NEW YORK(NY)	133	115	13	270	128	1	2
447	NORFOLK(VA)	134	118	3	268	121	1	2
448	NORFOLK(VA)	134	118	10	274	128	1	2
449	SAVANNAH(GA)	135	121	3	269	124	1	2
450	SAVANNAH(GA)	135	121	10	275	131	1	2
451	PORT QASIM	139	151	0	271	151	1	2
452	PORT QASIM	139	151	7	277	158	1	2
453	NHAVA SHEVA	140	97	3	267	100	1	2
454	NHAVA SHEVA	140	97	10	273	107	1	2
455	MUNDRA	141	100	4	272	104	1	2
456	MUNDRA	141	100	11	278	111	1	2
457	NEW YORK(NY)	143	122	6	270	128	1	2
458	NEW YORK(NY)	143	122	13	276	135	1	2
459	NORFOLK(VA)	144	125	3	274	128	1	2
460	NORFOLK(VA)	144	125	10	280	135	1	2
461	SAVANNAH(GA)	145	128	3	275	131	1	2
462	SAVANNAH(GA)	145	128	10	281	138	1	2
463	PORT QASIM	149	158	0	277	158	1	2
464	PORT QASIM	149	158	7	283	165	1	2
465	NHAVA SHEVA	150	104	3	273	107	1	2
466	NHAVA SHEVA	150	104	10	279	114	1	2
467	MUNDRA	151	107	4	278	111	1	2
468	MUNDRA	151	107	11	284	118	1	2
469	NEW YORK(NY)	153	129	6	276	135	1	2
470	NEW YORK(NY)	153	129	13	282	142	1	2
471	NORFOLK(VA)	154	132	3	280	135	1	2
472	NORFOLK(VA)	154	132	10	286	142	1	2
473	SAVANNAH(GA)	155	135	3	281	138	1	2
474	SAVANNAH(GA)	155	135	10	287	145	1	2
475	PORT QASIM	159	165	0	283	165	1	2
476	PORT QASIM	159	165	7	289	172	1	2
477	NHAVA SHEVA	160	111	3	279	114	1	2
478	NHAVA SHEVA	160	111	10	285	121	1	2
479	MUNDRA	161	114	4	284	118	1	2
480	MUNDRA	161	114	11	290	125	1	2
481	NEW YORK(NY)	163	136	6	282	142	1	2
482	NEW YORK(NY)	163	136	13	288	149	1	2
483	NORFOLK(VA)	164	139	3	286	142	1	2
484	NORFOLK(VA)	164	139	10	292	149	1	2
485	SAVANNAH(GA)	165	142	3	287	145	1	2
486	SAVANNAH(GA)	165	142	10	293	152	1	2
487	PORT QASIM	169	172	0	289	172	1	2
488	PORT QASIM	169	172	7	295	179	1	2
489	NHAVA SHEVA	170	118	3	285	121	1	2
490	NHAVA SHEVA	170	118	10	291	128	1	2
491	MUNDRA	171	121	4	290	125	1	2
492	NEW YORK(NY)	173	143	6	288	149	1	2
493	NEW YORK(NY)	173	143	13	294	156	1	2
494	NORFOLK(VA)	174	146	3	292	149	1	2
495	SAVANNAH(GA)	175	149	3	293	152	1	2
496	PORT QASIM	179	179	0	295	179	1	2
497	PORT QASIM	180	4	0	1	4	2	1
498	PORT QASIM	180	4	7	12	11	2	1
499	MUNDRA	181	6	3	3	9	2	1
500	MUNDRA	181	6	10	14	16	2	1
501	NHAVA SHEVA	182	9	4	13	13	2	1
502	NHAVA SHEVA	182	9	11	24	20	2	1
503	NORFOLK(VA)	183	30	4	6	34	2	1
504	NORFOLK(VA)	183	30	11	17	41	2	1
505	SAVANNAH(GA)	184	33	4	7	37	2	1
506	SAVANNAH(GA)	184	33	11	18	44	2	1
507	NEW YORK(NY)	185	37	1	16	38	2	1
508	NEW YORK(NY)	185	37	8	27	45	2	1
509	PORT QASIM	186	60	7	11	67	2	1
510	PORT QASIM	186	60	0	89	60	2	1
511	PORT QASIM	187	11	0	12	11	2	1
512	PORT QASIM	187	11	7	23	18	2	1
513	MUNDRA	188	13	3	14	16	2	1
514	MUNDRA	188	13	10	25	23	2	1
515	NHAVA SHEVA	189	16	4	24	20	2	1
516	NHAVA SHEVA	189	16	11	35	27	2	1
517	NORFOLK(VA)	190	37	4	17	41	2	1
518	NORFOLK(VA)	190	37	11	28	48	2	1
519	SAVANNAH(GA)	191	40	4	18	44	2	1
520	SAVANNAH(GA)	191	40	11	29	51	2	1
521	NEW YORK(NY)	192	44	1	27	45	2	1
522	NEW YORK(NY)	192	44	8	38	52	2	1
523	PORT QASIM	193	67	0	11	67	2	1
524	PORT QASIM	193	67	7	22	74	2	1
525	PORT QASIM	194	18	0	23	18	2	1
526	PORT QASIM	194	18	7	34	25	2	1
527	MUNDRA	195	20	3	25	23	2	1
528	MUNDRA	195	20	10	36	30	2	1
529	NHAVA SHEVA	196	23	4	35	27	2	1
530	NHAVA SHEVA	196	23	11	46	34	2	1
531	NORFOLK(VA)	197	44	4	28	48	2	1
532	NORFOLK(VA)	197	44	11	39	55	2	1
533	SAVANNAH(GA)	198	47	4	29	51	2	1
534	SAVANNAH(GA)	198	47	11	40	58	2	1
535	NEW YORK(NY)	199	51	1	38	52	2	1
536	NEW YORK(NY)	199	51	8	49	59	2	1
537	PORT QASIM	200	74	0	22	74	2	1
538	PORT QASIM	200	74	7	33	81	2	1
539	PORT QASIM	201	25	0	34	25	2	1
540	PORT QASIM	201	25	7	45	32	2	1
541	MUNDRA	202	27	3	36	30	2	1
542	MUNDRA	202	27	10	47	37	2	1
543	NHAVA SHEVA	203	30	4	46	34	2	1
544	NHAVA SHEVA	203	30	11	57	41	2	1
545	NORFOLK(VA)	204	51	4	39	55	2	1
546	NORFOLK(VA)	204	51	11	50	62	2	1
547	SAVANNAH(GA)	205	54	4	40	58	2	1
548	SAVANNAH(GA)	205	54	11	51	65	2	1
549	NEW YORK(NY)	206	58	1	49	59	2	1
550	NEW YORK(NY)	206	58	8	60	66	2	1
551	PORT QASIM	207	81	0	33	81	2	1
552	PORT QASIM	207	81	7	44	88	2	1
553	PORT QASIM	208	32	0	45	32	2	1
554	PORT QASIM	208	32	7	56	39	2	1
555	MUNDRA	209	34	3	47	37	2	1
556	MUNDRA	209	34	10	58	44	2	1
557	NHAVA SHEVA	210	37	4	57	41	2	1
558	NHAVA SHEVA	210	37	11	68	48	2	1
559	NORFOLK(VA)	211	58	4	50	62	2	1
560	NORFOLK(VA)	211	58	11	61	69	2	1
561	SAVANNAH(GA)	212	61	4	51	65	2	1
562	SAVANNAH(GA)	212	61	11	62	72	2	1
563	NEW YORK(NY)	213	65	1	60	66	2	1
564	NEW YORK(NY)	213	65	8	71	73	2	1
565	PORT QASIM	214	88	0	44	88	2	1
566	PORT QASIM	214	88	7	55	95	2	1
567	PORT QASIM	215	39	0	56	39	2	1
568	PORT QASIM	215	39	7	67	46	2	1
569	MUNDRA	216	41	3	58	44	2	1
570	MUNDRA	216	41	10	69	51	2	1
571	NHAVA SHEVA	217	44	4	68	48	2	1
572	NHAVA SHEVA	217	44	11	79	55	2	1
573	NORFOLK(VA)	218	65	4	61	69	2	1
574	NORFOLK(VA)	218	65	11	72	76	2	1
575	SAVANNAH(GA)	219	68	4	62	72	2	1
576	SAVANNAH(GA)	219	68	11	73	79	2	1
577	NEW YORK(NY)	220	72	1	71	73	2	1
578	NEW YORK(NY)	220	72	8	82	80	2	1
579	PORT QASIM	221	95	0	55	95	2	1
580	PORT QASIM	221	95	7	66	102	2	1
581	PORT QASIM	222	46	0	67	46	2	1
582	PORT QASIM	222	46	7	78	53	2	1
583	MUNDRA	223	48	3	69	51	2	1
584	MUNDRA	223	48	10	80	58	2	1
585	NHAVA SHEVA	224	51	4	79	55	2	1
586	NHAVA SHEVA	224	51	11	90	62	2	1
587	NORFOLK(VA)	225	72	4	72	76	2	1
588	NORFOLK(VA)	225	72	11	83	83	2	1
589	SAVANNAH(GA)	226	75	4	73	79	2	1
590	SAVANNAH(GA)	226	75	11	84	86	2	1
591	NEW YORK(NY)	227	79	1	82	80	2	1
592	NEW YORK(NY)	227	79	8	93	87	2	1
593	PORT QASIM	228	102	0	66	102	2	1
594	PORT QASIM	228	102	7	77	109	2	1
595	PORT QASIM	229	53	0	78	53	2	1
596	PORT QASIM	229	53	7	89	60	2	1
597	MUNDRA	230	55	3	80	58	2	1
598	MUNDRA	230	55	10	91	65	2	1
599	NHAVA SHEVA	231	58	4	90	62	2	1
600	NHAVA SHEVA	231	58	11	100	69	2	1
601	NORFOLK(VA)	232	79	4	83	83	2	1
602	NORFOLK(VA)	232	79	11	94	90	2	1
603	SAVANNAH(GA)	233	82	4	84	86	2	1
604	SAVANNAH(GA)	233	82	11	95	93	2	1
605	NEW YORK(NY)	234	86	1	93	87	2	1
606	NEW YORK(NY)	234	86	8	103	94	2	1
607	PORT QASIM	235	109	0	77	109	2	1
608	PORT QASIM	235	109	7	88	116	2	1
609	MUNDRA	236	62	3	91	65	2	1
610	MUNDRA	236	62	10	101	72	2	1
611	NHAVA SHEVA	237	65	4	100	69	2	1
612	NHAVA SHEVA	237	65	11	110	76	2	1
613	NORFOLK(VA)	238	86	4	94	90	2	1
614	NORFOLK(VA)	238	86	11	104	97	2	1
615	SAVANNAH(GA)	239	89	4	95	93	2	1
616	SAVANNAH(GA)	239	89	11	105	100	2	1
617	NEW YORK(NY)	240	93	1	103	94	2	1
618	NEW YORK(NY)	240	93	8	113	101	2	1
619	PORT QASIM	241	116	0	88	116	2	1
620	PORT QASIM	241	116	7	99	123	2	1
621	MUNDRA	242	69	3	101	72	2	1
622	MUNDRA	242	69	10	111	79	2	1
623	NHAVA SHEVA	243	72	4	110	76	2	1
624	NHAVA SHEVA	243	72	11	120	83	2	1
625	NORFOLK(VA)	244	93	4	104	97	2	1
626	NORFOLK(VA)	244	93	11	114	104	2	1
627	SAVANNAH(GA)	245	96	4	105	100	2	1
628	SAVANNAH(GA)	245	96	11	115	107	2	1
629	NEW YORK(NY)	246	100	1	113	101	2	1
630	NEW YORK(NY)	246	100	8	123	108	2	1
631	PORT QASIM	247	123	0	99	123	2	1
632	PORT QASIM	247	123	7	109	130	2	1
633	MUNDRA	248	76	3	111	79	2	1
634	MUNDRA	248	76	10	121	86	2	1
635	NHAVA SHEVA	249	79	4	120	83	2	1
636	NHAVA SHEVA	249	79	11	130	90	2	1
637	NORFOLK(VA)	250	100	4	114	104	2	1
638	NORFOLK(VA)	250	100	11	124	111	2	1
639	SAVANNAH(GA)	251	103	4	115	107	2	1
640	SAVANNAH(GA)	251	103	11	125	114	2	1
641	NEW YORK(NY)	252	107	1	123	108	2	1
642	NEW YORK(NY)	252	107	8	133	115	2	1
643	PORT QASIM	253	130	0	109	130	2	1
644	PORT QASIM	253	130	7	119	137	2	1
645	MUNDRA	254	83	3	121	86	2	1
646	MUNDRA	254	83	10	131	93	2	1
647	NHAVA SHEVA	255	86	4	130	90	2	1
648	NHAVA SHEVA	255	86	11	140	97	2	1
649	NORFOLK(VA)	256	107	4	124	111	2	1
650	NORFOLK(VA)	256	107	11	134	118	2	1
651	SAVANNAH(GA)	257	110	4	125	114	2	1
652	SAVANNAH(GA)	257	110	11	135	121	2	1
653	NEW YORK(NY)	258	114	1	133	115	2	1
654	NEW YORK(NY)	258	114	8	143	122	2	1
655	PORT QASIM	259	137	0	119	137	2	1
656	PORT QASIM	259	137	7	129	144	2	1
657	MUNDRA	260	90	3	131	93	2	1
658	MUNDRA	260	90	10	141	100	2	1
659	NHAVA SHEVA	261	93	4	140	97	2	1
660	NHAVA SHEVA	261	93	11	150	104	2	1
661	NORFOLK(VA)	262	114	4	134	118	2	1
662	NORFOLK(VA)	262	114	11	144	125	2	1
663	SAVANNAH(GA)	263	117	4	135	121	2	1
664	SAVANNAH(GA)	263	117	11	145	128	2	1
665	NEW YORK(NY)	264	121	1	143	122	2	1
666	NEW YORK(NY)	264	121	8	153	129	2	1
667	PORT QASIM	265	144	0	129	144	2	1
668	PORT QASIM	265	144	7	139	151	2	1
669	MUNDRA	266	97	3	141	100	2	1
670	MUNDRA	266	97	10	151	107	2	1
671	NHAVA SHEVA	267	100	4	150	104	2	1
672	NHAVA SHEVA	267	100	11	160	111	2	1
673	NORFOLK(VA)	268	121	4	144	125	2	1
674	NORFOLK(VA)	268	121	11	154	132	2	1
675	SAVANNAH(GA)	269	124	4	145	128	2	1
676	SAVANNAH(GA)	269	124	11	155	135	2	1
677	NEW YORK(NY)	270	128	1	153	129	2	1
678	NEW YORK(NY)	270	128	8	163	136	2	1
679	PORT QASIM	271	151	0	139	151	2	1
680	PORT QASIM	271	151	7	149	158	2	1
681	MUNDRA	272	104	3	151	107	2	1
682	MUNDRA	272	104	10	161	114	2	1
683	NHAVA SHEVA	273	107	4	160	111	2	1
684	NHAVA SHEVA	273	107	11	170	118	2	1
685	NORFOLK(VA)	274	128	4	154	132	2	1
686	NORFOLK(VA)	274	128	11	164	139	2	1
687	SAVANNAH(GA)	275	131	4	155	135	2	1
688	SAVANNAH(GA)	275	131	11	165	142	2	1
689	NEW YORK(NY)	276	135	1	163	136	2	1
690	NEW YORK(NY)	276	135	8	173	143	2	1
691	PORT QASIM	277	158	0	149	158	2	1
692	PORT QASIM	277	158	7	159	165	2	1
693	MUNDRA	278	111	3	161	114	2	1
694	MUNDRA	278	111	10	171	121	2	1
695	NHAVA SHEVA	279	114	4	170	118	2	1
696	NORFOLK(VA)	280	135	4	164	139	2	1
697	NORFOLK(VA)	280	135	11	174	146	2	1
698	SAVANNAH(GA)	281	138	4	165	142	2	1
699	SAVANNAH(GA)	281	138	11	175	149	2	1
700	NEW YORK(NY)	282	142	1	173	143	2	1
701	PORT QASIM	283	165	0	159	165	2	1
702	PORT QASIM	283	165	7	169	172	2	1
703	MUNDRA	284	118	3	171	121	2	1
704	NORFOLK(VA)	286	142	4	174	146	2	1
705	SAVANNAH(GA)	287	145	4	175	149	2	1
706	PORT QASIM	289	172	0	169	172	2	1
707	PORT QASIM	289	172	7	179	179	2	1
708	PORT QASIM	295	179	0	179	179	2	1
